@relation tic-tac-toe

@attribute top-left-square-b REAL
@attribute top-left-square-o REAL
@attribute top-left-square-x REAL


@attribute top-middle-square-b REAL
@attribute top-middle-square-o REAL
@attribute top-middle-square-x REAL


@attribute top-right-square REAL
@attribute middle-left-square REAL
@attribute middle-middle-square REAL
@attribute middle-right-square REAL
@attribute bottom-left-square REAL
@attribute bottom-middle-square REAL
@attribute bottom-right-square REAL
@attribute Class {0,1}
@data

0,0,1,0,0,1,0,0,1,0,0,1,0,1,0,0,1,0,0,0,1,0,1,0,0,1,0,1
0,0,1,0,0,1,0,0,1,0,0,1,0,1,0,0,1,0,0,1,0,0,0,1,0,1,0,1
0,0,1,0,0,1,0,0,1,0,0,1,0,1,0,0,1,0,0,1,0,0,1,0,0,0,1,1
0,0,1,0,0,1,0,0,1,0,0,1,0,1,0,0,1,0,0,1,0,1,0,0,1,0,0,1
0,0,1,0,0,1,0,0,1,0,0,1,0,1,0,0,1,0,1,0,0,0,1,0,1,0,0,1
0,0,1,0,0,1,0,0,1,0,0,1,0,1,0,0,1,0,1,0,0,1,0,0,0,1,0,1
0,0,1,0,0,1,0,0,1,0,0,1,0,1,0,1,0,0,0,1,0,0,1,0,1,0,0,1
0,0,1,0,0,1,0,0,1,0,0,1,0,1,0,1,0,0,0,1,0,1,0,0,0,1,0,1
0,0,1,0,0,1,0,0,1,0,0,1,0,1,0,1,0,0,1,0,0,0,1,0,0,1,0,1
0,0,1,0,0,1,0,0,1,0,0,1,1,0,0,0,1,0,0,1,0,0,1,0,1,0,0,1
0,0,1,0,0,1,0,0,1,0,0,1,1,0,0,0,1,0,0,1,0,1,0,0,0,1,0,1
0,0,1,0,0,1,0,0,1,0,0,1,1,0,0,0,1,0,1,0,0,0,1,0,0,1,0,1
0,0,1,0,0,1,0,0,1,0,1,0,0,0,1,0,1,0,0,0,1,0,1,0,0,1,0,1
0,0,1,0,0,1,0,0,1,0,1,0,0,0,1,0,1,0,0,1,0,0,0,1,0,1,0,1
0,0,1,0,0,1,0,0,1,0,1,0,0,0,1,0,1,0,0,1,0,0,1,0,0,0,1,1
0,0,1,0,0,1,0,0,1,0,1,0,0,0,1,0,1,0,0,1,0,1,0,0,1,0,0,1
0,0,1,0,0,1,0,0,1,0,1,0,0,0,1,0,1,0,1,0,0,0,1,0,1,0,0,1
0,0,1,0,0,1,0,0,1,0,1,0,0,0,1,0,1,0,1,0,0,1,0,0,0,1,0,1
0,0,1,0,0,1,0,0,1,0,1,0,0,0,1,1,0,0,0,1,0,0,1,0,1,0,0,1
0,0,1,0,0,1,0,0,1,0,1,0,0,0,1,1,0,0,0,1,0,1,0,0,0,1,0,1
0,0,1,0,0,1,0,0,1,0,1,0,0,0,1,1,0,0,1,0,0,0,1,0,0,1,0,1
0,0,1,0,0,1,0,0,1,0,1,0,0,1,0,0,0,1,0,0,1,0,1,0,0,1,0,1
0,0,1,0,0,1,0,0,1,0,1,0,0,1,0,0,0,1,0,1,0,0,0,1,0,1,0,1
0,0,1,0,0,1,0,0,1,0,1,0,0,1,0,0,0,1,0,1,0,0,1,0,0,0,1,1
0,0,1,0,0,1,0,0,1,0,1,0,0,1,0,0,0,1,0,1,0,1,0,0,1,0,0,1
0,0,1,0,0,1,0,0,1,0,1,0,0,1,0,0,0,1,1,0,0,0,1,0,1,0,0,1
0,0,1,0,0,1,0,0,1,0,1,0,0,1,0,0,0,1,1,0,0,1,0,0,0,1,0,1
0,0,1,0,0,1,0,0,1,0,1,0,0,1,0,1,0,0,0,0,1,0,1,0,1,0,0,1
0,0,1,0,0,1,0,0,1,0,1,0,0,1,0,1,0,0,0,0,1,1,0,0,0,1,0,1
0,0,1,0,0,1,0,0,1,0,1,0,0,1,0,1,0,0,0,1,0,0,0,1,1,0,0,1
0,0,1,0,0,1,0,0,1,0,1,0,0,1,0,1,0,0,0,1,0,1,0,0,0,0,1,1
0,0,1,0,0,1,0,0,1,0,1,0,0,1,0,1,0,0,1,0,0,0,0,1,0,1,0,1
0,0,1,0,0,1,0,0,1,0,1,0,0,1,0,1,0,0,1,0,0,0,1,0,0,0,1,1
0,0,1,0,0,1,0,0,1,0,1,0,0,1,0,1,0,0,1,0,0,1,0,0,1,0,0,1
0,0,1,0,0,1,0,0,1,0,1,0,1,0,0,0,0,1,0,1,0,0,1,0,1,0,0,1
0,0,1,0,0,1,0,0,1,0,1,0,1,0,0,0,0,1,0,1,0,1,0,0,0,1,0,1
0,0,1,0,0,1,0,0,1,0,1,0,1,0,0,0,0,1,1,0,0,0,1,0,0,1,0,1
0,0,1,0,0,1,0,0,1,0,1,0,1,0,0,0,1,0,0,0,1,0,1,0,1,0,0,1
0,0,1,0,0,1,0,0,1,0,1,0,1,0,0,0,1,0,0,0,1,1,0,0,0,1,0,1
0,0,1,0,0,1,0,0,1,0,1,0,1,0,0,0,1,0,0,1,0,0,0,1,1,0,0,1
0,0,1,0,0,1,0,0,1,0,1,0,1,0,0,0,1,0,0,1,0,1,0,0,0,0,1,1
0,0,1,0,0,1,0,0,1,0,1,0,1,0,0,0,1,0,1,0,0,0,0,1,0,1,0,1
0,0,1,0,0,1,0,0,1,0,1,0,1,0,0,0,1,0,1,0,0,0,1,0,0,0,1,1
0,0,1,0,0,1,0,0,1,0,1,0,1,0,0,0,1,0,1,0,0,1,0,0,1,0,0,1
0,0,1,0,0,1,0,0,1,0,1,0,1,0,0,1,0,0,0,0,1,0,1,0,0,1,0,1
0,0,1,0,0,1,0,0,1,0,1,0,1,0,0,1,0,0,0,1,0,0,0,1,0,1,0,1
0,0,1,0,0,1,0,0,1,0,1,0,1,0,0,1,0,0,0,1,0,0,1,0,0,0,1,1
0,0,1,0,0,1,0,0,1,0,1,0,1,0,0,1,0,0,0,1,0,1,0,0,1,0,0,1
0,0,1,0,0,1,0,0,1,0,1,0,1,0,0,1,0,0,1,0,0,0,1,0,1,0,0,1
0,0,1,0,0,1,0,0,1,0,1,0,1,0,0,1,0,0,1,0,0,1,0,0,0,1,0,1
0,0,1,0,0,1,0,0,1,1,0,0,0,0,1,0,1,0,0,1,0,0,1,0,1,0,0,1
0,0,1,0,0,1,0,0,1,1,0,0,0,0,1,0,1,0,0,1,0,1,0,0,0,1,0,1
0,0,1,0,0,1,0,0,1,1,0,0,0,0,1,0,1,0,1,0,0,0,1,0,0,1,0,1
0,0,1,0,0,1,0,0,1,1,0,0,0,1,0,0,0,1,0,1,0,0,1,0,1,0,0,1
0,0,1,0,0,1,0,0,1,1,0,0,0,1,0,0,0,1,0,1,0,1,0,0,0,1,0,1
0,0,1,0,0,1,0,0,1,1,0,0,0,1,0,0,0,1,1,0,0,0,1,0,0,1,0,1
0,0,1,0,0,1,0,0,1,1,0,0,0,1,0,0,1,0,0,0,1,0,1,0,1,0,0,1
0,0,1,0,0,1,0,0,1,1,0,0,0,1,0,0,1,0,0,0,1,1,0,0,0,1,0,1
0,0,1,0,0,1,0,0,1,1,0,0,0,1,0,0,1,0,0,1,0,0,0,1,1,0,0,1
0,0,1,0,0,1,0,0,1,1,0,0,0,1,0,0,1,0,0,1,0,1,0,0,0,0,1,1
0,0,1,0,0,1,0,0,1,1,0,0,0,1,0,0,1,0,1,0,0,0,0,1,0,1,0,1
0,0,1,0,0,1,0,0,1,1,0,0,0,1,0,0,1,0,1,0,0,0,1,0,0,0,1,1
0,0,1,0,0,1,0,0,1,1,0,0,0,1,0,0,1,0,1,0,0,1,0,0,1,0,0,1
0,0,1,0,0,1,0,0,1,1,0,0,0,1,0,1,0,0,0,0,1,0,1,0,0,1,0,1
0,0,1,0,0,1,0,0,1,1,0,0,0,1,0,1,0,0,0,1,0,0,0,1,0,1,0,1
0,0,1,0,0,1,0,0,1,1,0,0,0,1,0,1,0,0,0,1,0,0,1,0,0,0,1,1
0,0,1,0,0,1,0,0,1,1,0,0,0,1,0,1,0,0,0,1,0,1,0,0,1,0,0,1
0,0,1,0,0,1,0,0,1,1,0,0,0,1,0,1,0,0,1,0,0,0,1,0,1,0,0,1
0,0,1,0,0,1,0,0,1,1,0,0,0,1,0,1,0,0,1,0,0,1,0,0,0,1,0,1
0,0,1,0,0,1,0,0,1,1,0,0,1,0,0,0,1,0,0,0,1,0,1,0,0,1,0,1
0,0,1,0,0,1,0,0,1,1,0,0,1,0,0,0,1,0,0,1,0,0,0,1,0,1,0,1
0,0,1,0,0,1,0,0,1,1,0,0,1,0,0,0,1,0,0,1,0,0,1,0,0,0,1,1
0,0,1,0,0,1,0,0,1,1,0,0,1,0,0,0,1,0,0,1,0,1,0,0,1,0,0,1
0,0,1,0,0,1,0,0,1,1,0,0,1,0,0,0,1,0,1,0,0,0,1,0,1,0,0,1
0,0,1,0,0,1,0,0,1,1,0,0,1,0,0,0,1,0,1,0,0,1,0,0,0,1,0,1
0,0,1,0,0,1,0,0,1,1,0,0,1,0,0,1,0,0,0,1,0,0,1,0,1,0,0,1
0,0,1,0,0,1,0,0,1,1,0,0,1,0,0,1,0,0,0,1,0,1,0,0,0,1,0,1
0,0,1,0,0,1,0,0,1,1,0,0,1,0,0,1,0,0,1,0,0,0,1,0,0,1,0,1
0,0,1,0,0,1,0,1,0,0,0,1,0,0,1,0,1,0,0,1,0,0,1,0,0,0,1,1
0,0,1,0,0,1,0,1,0,0,0,1,0,1,0,0,0,1,0,0,1,0,1,0,0,1,0,1
0,0,1,0,0,1,0,1,0,0,0,1,0,1,0,0,1,0,0,0,1,0,1,0,0,0,1,1
0,0,1,0,0,1,0,1,0,0,0,1,0,1,0,0,1,0,0,0,1,1,0,0,1,0,0,1
0,0,1,0,0,1,0,1,0,0,0,1,0,1,0,1,0,0,0,0,1,0,1,0,1,0,0,1
0,0,1,0,0,1,0,1,0,0,0,1,0,1,0,1,0,0,0,0,1,1,0,0,0,1,0,1
0,0,1,0,0,1,0,1,0,0,0,1,1,0,0,0,1,0,0,0,1,0,1,0,1,0,0,1
0,0,1,0,0,1,0,1,0,0,0,1,1,0,0,1,0,0,0,0,1,0,1,0,0,1,0,1
0,0,1,0,0,1,0,1,0,0,1,0,0,0,1,0,0,1,0,1,0,0,0,1,0,1,0,1
0,0,1,0,0,1,0,1,0,0,1,0,0,0,1,0,0,1,0,1,0,0,1,0,0,0,1,1
0,0,1,0,0,1,0,1,0,0,1,0,0,0,1,0,1,0,0,0,1,0,1,0,0,0,1,1
0,0,1,0,0,1,0,1,0,0,1,0,0,0,1,0,1,0,0,1,0,0,0,1,0,0,1,1
0,0,1,0,0,1,0,1,0,0,1,0,0,0,1,0,1,0,1,0,0,0,0,1,1,0,0,1
0,0,1,0,0,1,0,1,0,0,1,0,0,0,1,0,1,0,1,0,0,1,0,0,0,0,1,1
0,0,1,0,0,1,0,1,0,0,1,0,0,0,1,1,0,0,0,1,0,0,0,1,1,0,0,1
0,0,1,0,0,1,0,1,0,0,1,0,0,0,1,1,0,0,0,1,0,1,0,0,0,0,1,1
0,0,1,0,0,1,0,1,0,0,1,0,0,0,1,1,0,0,1,0,0,0,0,1,0,1,0,1
0,0,1,0,0,1,0,1,0,0,1,0,0,0,1,1,0,0,1,0,0,0,1,0,0,0,1,1
0,0,1,0,0,1,0,1,0,1,0,0,0,0,1,0,1,0,0,1,0,0,0,1,1,0,0,1
0,0,1,0,0,1,0,1,0,1,0,0,0,0,1,0,1,0,0,1,0,1,0,0,0,0,1,1
0,0,1,0,0,1,0,1,0,1,0,0,0,0,1,0,1,0,1,0,0,0,1,0,0,0,1,1
0,0,1,0,0,1,0,1,0,1,0,0,0,0,1,1,0,0,0,1,0,0,0,1,0,1,0,1
0,0,1,0,0,1,0,1,0,1,0,0,0,0,1,1,0,0,0,1,0,0,1,0,0,0,1,1
0,0,1,0,0,1,1,0,0,0,0,1,0,1,0,0,1,0,0,0,1,0,1,0,1,0,0,1
0,0,1,0,0,1,1,0,0,0,0,1,0,1,0,0,1,0,0,0,1,1,0,0,0,1,0,1
0,0,1,0,0,1,1,0,0,0,0,1,0,1,0,1,0,0,0,0,1,0,1,0,0,1,0,1
0,0,1,0,0,1,1,0,0,0,0,1,1,0,0,0,1,0,0,0,1,0,1,0,0,1,0,1
0,0,1,0,0,1,1,0,0,0,1,0,0,0,1,0,1,0,0,1,0,0,0,1,1,0,0,1
0,0,1,0,0,1,1,0,0,0,1,0,0,0,1,0,1,0,0,1,0,1,0,0,0,0,1,1
0,0,1,0,0,1,1,0,0,0,1,0,0,0,1,0,1,0,1,0,0,0,0,1,0,1,0,1
0,0,1,0,0,1,1,0,0,0,1,0,0,0,1,0,1,0,1,0,0,0,1,0,0,0,1,1
0,0,1,0,0,1,1,0,0,0,1,0,0,0,1,1,0,0,0,1,0,0,0,1,0,1,0,1
0,0,1,0,0,1,1,0,0,0,1,0,0,0,1,1,0,0,0,1,0,0,1,0,0,0,1,1
0,0,1,0,0,1,1,0,0,1,0,0,0,0,1,0,1,0,0,1,0,0,0,1,0,1,0,1
0,0,1,0,0,1,1,0,0,1,0,0,0,0,1,0,1,0,0,1,0,0,1,0,0,0,1,1
0,0,1,0,1,0,0,0,1,0,0,1,0,0,1,0,1,0,0,0,1,0,1,0,0,1,0,1
0,0,1,0,1,0,0,0,1,0,0,1,0,0,1,0,1,0,0,1,0,0,1,0,0,0,1,1
0,0,1,0,1,0,0,0,1,0,0,1,0,1,0,0,1,0,0,0,1,0,0,1,0,1,0,1
0,0,1,0,1,0,0,0,1,0,0,1,0,1,0,0,1,0,0,0,1,1,0,0,1,0,0,1
0,0,1,0,1,0,0,0,1,0,0,1,0,1,0,1,0,0,0,0,1,1,0,0,0,1,0,1
0,0,1,0,1,0,0,0,1,0,0,1,1,0,0,0,1,0,0,0,1,0,1,0,1,0,0,1
0,0,1,0,1,0,0,0,1,0,0,1,1,0,0,0,1,0,0,0,1,1,0,0,0,1,0,1
0,0,1,0,1,0,0,0,1,0,0,1,1,0,0,1,0,0,0,0,1,0,1,0,0,1,0,1
0,0,1,0,1,0,0,0,1,0,1,0,0,0,1,0,0,1,0,0,1,0,1,0,0,1,0,1
0,0,1,0,1,0,0,0,1,0,1,0,0,0,1,0,0,1,0,1,0,0,1,0,0,0,1,1
0,0,1,0,1,0,0,0,1,0,1,0,0,0,1,0,1,0,0,0,1,0,0,1,0,1,0,1
0,0,1,0,1,0,0,0,1,0,1,0,0,0,1,0,1,0,0,0,1,0,1,0,0,0,1,1
0,0,1,0,1,0,0,0,1,0,1,0,0,0,1,0,1,0,0,0,1,1,0,0,1,0,0,1
0,0,1,0,1,0,0,0,1,0,1,0,0,0,1,0,1,0,0,1,0,0,0,1,0,0,1,1
0,0,1,0,1,0,0,0,1,0,1,0,0,0,1,0,1,0,1,0,0,1,0,0,0,0,1,1
0,0,1,0,1,0,0,0,1,0,1,0,0,0,1,1,0,0,0,0,1,0,1,0,1,0,0,1
0,0,1,0,1,0,0,0,1,0,1,0,0,0,1,1,0,0,0,0,1,1,0,0,0,1,0,1
0,0,1,0,1,0,0,0,1,0,1,0,0,0,1,1,0,0,0,1,0,1,0,0,0,0,1,1
0,0,1,0,1,0,0,0,1,0,1,0,0,0,1,1,0,0,1,0,0,0,1,0,0,0,1,1
0,0,1,0,1,0,0,0,1,0,1,0,0,1,0,0,0,1,0,1,0,0,0,1,0,0,1,1
0,0,1,0,1,0,0,0,1,0,1,0,0,1,0,0,0,1,1,0,0,1,0,0,0,0,1,1
0,0,1,0,1,0,0,0,1,0,1,0,1,0,0,0,0,1,0,1,0,1,0,0,0,0,1,1
0,0,1,0,1,0,0,0,1,0,1,0,1,0,0,0,0,1,1,0,0,0,1,0,0,0,1,1
0,0,1,0,1,0,0,0,1,1,0,0,0,0,1,0,1,0,0,0,1,0,1,0,1,0,0,1
0,0,1,0,1,0,0,0,1,1,0,0,0,0,1,0,1,0,0,0,1,1,0,0,0,1,0,1
0,0,1,0,1,0,0,0,1,1,0,0,0,0,1,0,1,0,0,1,0,1,0,0,0,0,1,1
0,0,1,0,1,0,0,0,1,1,0,0,0,0,1,0,1,0,1,0,0,0,1,0,0,0,1,1
0,0,1,0,1,0,0,0,1,1,0,0,0,0,1,1,0,0,0,0,1,0,1,0,0,1,0,1
0,0,1,0,1,0,0,0,1,1,0,0,0,0,1,1,0,0,0,1,0,0,1,0,0,0,1,1
0,0,1,0,1,0,0,0,1,1,0,0,0,1,0,0,0,1,0,1,0,1,0,0,0,0,1,1
0,0,1,0,1,0,0,0,1,1,0,0,1,0,0,0,0,1,0,1,0,0,1,0,0,0,1,1
0,0,1,0,1,0,0,1,0,0,0,1,0,0,1,0,0,1,0,0,1,0,1,0,0,1,0,1
0,0,1,0,1,0,0,1,0,0,0,1,0,0,1,0,0,1,0,1,0,0,0,1,0,1,0,1
0,0,1,0,1,0,0,1,0,0,0,1,0,0,1,0,0,1,0,1,0,0,1,0,0,0,1,1
0,0,1,0,1,0,0,1,0,0,0,1,0,0,1,0,0,1,0,1,0,1,0,0,1,0,0,1
0,0,1,0,1,0,0,1,0,0,0,1,0,0,1,0,0,1,1,0,0,0,1,0,1,0,0,1
0,0,1,0,1,0,0,1,0,0,0,1,0,0,1,0,0,1,1,0,0,1,0,0,0,1,0,1
0,0,1,0,1,0,0,1,0,0,0,1,0,0,1,0,1,0,0,0,1,0,1,0,0,0,1,1
0,0,1,0,1,0,0,1,0,0,0,1,0,0,1,0,1,0,0,0,1,1,0,0,1,0,0,1
0,0,1,0,1,0,0,1,0,0,0,1,0,0,1,0,1,0,0,1,0,0,0,1,0,0,1,1
0,0,1,0,1,0,0,1,0,0,0,1,0,0,1,0,1,0,1,0,0,1,0,0,0,0,1,1
0,0,1,0,1,0,0,1,0,0,0,1,0,0,1,1,0,0,0,0,1,0,1,0,1,0,0,1
0,0,1,0,1,0,0,1,0,0,0,1,0,0,1,1,0,0,0,0,1,1,0,0,0,1,0,1
0,0,1,0,1,0,0,1,0,0,0,1,0,0,1,1,0,0,0,1,0,1,0,0,0,0,1,1
0,0,1,0,1,0,0,1,0,0,0,1,0,0,1,1,0,0,1,0,0,0,1,0,0,0,1,1
0,0,1,0,1,0,0,1,0,0,0,1,0,1,0,0,0,1,0,0,1,0,0,1,0,1,0,1
0,0,1,0,1,0,0,1,0,0,0,1,0,1,0,0,0,1,0,0,1,1,0,0,1,0,0,1
0,0,1,0,1,0,0,1,0,0,0,1,0,1,0,0,1,0,0,0,1,0,0,1,0,0,1,1
0,0,1,0,1,0,0,1,0,0,0,1,0,1,0,1,0,0,0,0,1,0,0,1,1,0,0,1
0,0,1,0,1,0,0,1,0,0,0,1,0,1,0,1,0,0,0,0,1,1,0,0,0,0,1,1
0,0,1,0,1,0,0,1,0,0,0,1,1,0,0,0,0,1,0,0,1,0,1,0,1,0,0,1
0,0,1,0,1,0,0,1,0,0,0,1,1,0,0,0,0,1,0,0,1,1,0,0,0,1,0,1
0,0,1,0,1,0,0,1,0,0,0,1,1,0,0,0,1,0,0,0,1,0,0,1,1,0,0,1
0,0,1,0,1,0,0,1,0,0,0,1,1,0,0,0,1,0,0,0,1,1,0,0,0,0,1,1
0,0,1,0,1,0,0,1,0,0,0,1,1,0,0,1,0,0,0,0,1,0,0,1,0,1,0,1
0,0,1,0,1,0,0,1,0,0,0,1,1,0,0,1,0,0,0,0,1,0,1,0,0,0,1,1
0,0,1,0,1,0,0,1,0,0,0,1,1,0,0,1,0,0,0,0,1,1,0,0,1,0,0,1
0,0,1,0,1,0,0,1,0,0,1,0,0,0,1,0,0,1,0,0,1,0,1,0,0,0,1,1
0,0,1,0,1,0,0,1,0,0,1,0,0,0,1,0,0,1,0,1,0,0,0,1,0,0,1,1
0,0,1,0,1,0,0,1,0,0,1,0,0,0,1,0,0,1,1,0,0,1,0,0,0,0,1,1
0,0,1,0,1,0,0,1,0,0,1,0,0,0,1,0,1,0,0,0,1,0,0,1,0,0,1,1
0,0,1,0,1,0,0,1,0,0,1,0,0,0,1,1,0,0,0,0,1,1,0,0,0,0,1,1
0,0,1,0,1,0,0,1,0,0,1,0,0,0,1,1,0,0,1,0,0,0,0,1,0,0,1,1
0,0,1,0,1,0,0,1,0,0,1,0,0,1,0,0,0,1,0,0,1,0,0,1,0,0,1,1
0,0,1,0,1,0,0,1,0,0,1,0,1,0,0,1,0,0,0,0,1,0,0,1,0,0,1,1
0,0,1,0,1,0,0,1,0,1,0,0,0,0,1,0,0,1,0,1,0,1,0,0,0,0,1,1
0,0,1,0,1,0,0,1,0,1,0,0,0,0,1,0,0,1,1,0,0,0,1,0,0,0,1,1
0,0,1,0,1,0,0,1,0,1,0,0,0,0,1,0,1,0,0,0,1,1,0,0,0,0,1,1
0,0,1,0,1,0,0,1,0,1,0,0,0,0,1,0,1,0,1,0,0,0,0,1,0,0,1,1
0,0,1,0,1,0,0,1,0,1,0,0,0,0,1,1,0,0,0,0,1,0,1,0,0,0,1,1
0,0,1,0,1,0,0,1,0,1,0,0,0,0,1,1,0,0,0,1,0,0,0,1,0,0,1,1
0,0,1,0,1,0,0,1,0,1,0,0,0,0,1,1,0,0,1,0,0,1,0,0,0,0,1,1
0,0,1,0,1,0,0,1,0,1,0,0,0,1,0,1,0,0,0,0,1,0,0,1,0,0,1,1
0,0,1,0,1,0,0,1,0,1,0,0,1,0,0,0,1,0,0,0,1,0,0,1,0,0,1,1
0,0,1,0,1,0,1,0,0,0,0,1,0,0,1,0,0,1,0,1,0,0,1,0,1,0,0,1
0,0,1,0,1,0,1,0,0,0,0,1,0,0,1,0,0,1,0,1,0,1,0,0,0,1,0,1
0,0,1,0,1,0,1,0,0,0,0,1,0,0,1,0,0,1,1,0,0,0,1,0,0,1,0,1
0,0,1,0,1,0,1,0,0,0,0,1,0,0,1,0,1,0,0,0,1,0,1,0,1,0,0,1
0,0,1,0,1,0,1,0,0,0,0,1,0,0,1,0,1,0,0,0,1,1,0,0,0,1,0,1
0,0,1,0,1,0,1,0,0,0,0,1,0,0,1,0,1,0,0,1,0,1,0,0,0,0,1,1
0,0,1,0,1,0,1,0,0,0,0,1,0,0,1,0,1,0,1,0,0,0,1,0,0,0,1,1
0,0,1,0,1,0,1,0,0,0,0,1,0,0,1,1,0,0,0,0,1,0,1,0,0,1,0,1
0,0,1,0,1,0,1,0,0,0,0,1,0,0,1,1,0,0,0,1,0,0,1,0,0,0,1,1
0,0,1,0,1,0,1,0,0,0,0,1,0,1,0,0,0,1,0,0,1,1,0,0,0,1,0,1
0,0,1,0,1,0,1,0,0,0,0,1,0,1,0,0,1,0,0,0,1,0,0,1,1,0,0,1
0,0,1,0,1,0,1,0,0,0,0,1,0,1,0,0,1,0,0,0,1,1,0,0,0,0,1,1
0,0,1,0,1,0,1,0,0,0,0,1,0,1,0,1,0,0,0,0,1,0,0,1,0,1,0,1
0,0,1,0,1,0,1,0,0,0,0,1,0,1,0,1,0,0,0,0,1,1,0,0,1,0,0,1
0,0,1,0,1,0,1,0,0,0,0,1,1,0,0,0,0,1,0,0,1,0,1,0,0,1,0,1
0,0,1,0,1,0,1,0,0,0,0,1,1,0,0,0,1,0,0,0,1,0,0,1,0,1,0,1
0,0,1,0,1,0,1,0,0,0,0,1,1,0,0,0,1,0,0,0,1,0,1,0,0,0,1,1
0,0,1,0,1,0,1,0,0,0,0,1,1,0,0,0,1,0,0,0,1,1,0,0,1,0,0,1
0,0,1,0,1,0,1,0,0,0,0,1,1,0,0,1,0,0,0,0,1,0,1,0,1,0,0,1
0,0,1,0,1,0,1,0,0,0,0,1,1,0,0,1,0,0,0,0,1,1,0,0,0,1,0,1
0,0,1,0,1,0,1,0,0,0,1,0,0,0,1,0,0,1,0,1,0,1,0,0,0,0,1,1
0,0,1,0,1,0,1,0,0,0,1,0,0,0,1,0,0,1,1,0,0,0,1,0,0,0,1,1
0,0,1,0,1,0,1,0,0,0,1,0,0,0,1,0,1,0,0,0,1,1,0,0,0,0,1,1
0,0,1,0,1,0,1,0,0,0,1,0,0,0,1,0,1,0,1,0,0,0,0,1,0,0,1,1
0,0,1,0,1,0,1,0,0,0,1,0,0,0,1,1,0,0,0,0,1,0,1,0,0,0,1,1
0,0,1,0,1,0,1,0,0,0,1,0,0,0,1,1,0,0,0,1,0,0,0,1,0,0,1,1
0,0,1,0,1,0,1,0,0,0,1,0,0,0,1,1,0,0,1,0,0,1,0,0,0,0,1,1
0,0,1,0,1,0,1,0,0,0,1,0,0,1,0,1,0,0,0,0,1,0,0,1,0,0,1,1
0,0,1,0,1,0,1,0,0,0,1,0,1,0,0,0,1,0,0,0,1,0,0,1,0,0,1,1
0,0,1,0,1,0,1,0,0,1,0,0,0,0,1,0,0,1,0,1,0,0,1,0,0,0,1,1
0,0,1,0,1,0,1,0,0,1,0,0,0,0,1,0,1,0,0,0,1,0,1,0,0,0,1,1
0,0,1,0,1,0,1,0,0,1,0,0,0,0,1,0,1,0,0,1,0,0,0,1,0,0,1,1
0,0,1,0,1,0,1,0,0,1,0,0,0,0,1,0,1,0,1,0,0,1,0,0,0,0,1,1
0,0,1,0,1,0,1,0,0,1,0,0,0,0,1,1,0,0,0,1,0,1,0,0,0,0,1,1
0,0,1,0,1,0,1,0,0,1,0,0,0,0,1,1,0,0,1,0,0,0,1,0,0,0,1,1
0,0,1,0,1,0,1,0,0,1,0,0,0,1,0,0,1,0,0,0,1,0,0,1,0,0,1,1
0,0,1,1,0,0,0,0,1,0,0,1,0,1,0,0,1,0,0,0,1,0,1,0,1,0,0,1
0,0,1,1,0,0,0,0,1,0,0,1,0,1,0,0,1,0,0,0,1,1,0,0,0,1,0,1
0,0,1,1,0,0,0,0,1,0,0,1,0,1,0,1,0,0,0,0,1,0,1,0,0,1,0,1
0,0,1,1,0,0,0,0,1,0,0,1,1,0,0,0,1,0,0,0,1,0,1,0,0,1,0,1
0,0,1,1,0,0,0,0,1,0,1,0,0,0,1,0,1,0,0,0,1,0,1,0,1,0,0,1
0,0,1,1,0,0,0,0,1,0,1,0,0,0,1,0,1,0,0,0,1,1,0,0,0,1,0,1
0,0,1,1,0,0,0,0,1,0,1,0,0,0,1,0,1,0,0,1,0,1,0,0,0,0,1,1
0,0,1,1,0,0,0,0,1,0,1,0,0,0,1,0,1,0,1,0,0,0,1,0,0,0,1,1
0,0,1,1,0,0,0,0,1,0,1,0,0,0,1,1,0,0,0,0,1,0,1,0,0,1,0,1
0,0,1,1,0,0,0,0,1,0,1,0,0,0,1,1,0,0,0,1,0,0,1,0,0,0,1,1
0,0,1,1,0,0,0,0,1,0,1,0,0,1,0,0,0,1,0,1,0,1,0,0,0,0,1,1
0,0,1,1,0,0,0,0,1,0,1,0,0,1,0,0,0,1,1,0,0,0,1,0,0,0,1,1
0,0,1,1,0,0,0,0,1,0,1,0,1,0,0,0,0,1,0,1,0,0,1,0,0,0,1,1
0,0,1,1,0,0,0,0,1,1,0,0,0,0,1,0,1,0,0,0,1,0,1,0,0,1,0,1
0,0,1,1,0,0,0,0,1,1,0,0,0,0,1,0,1,0,0,1,0,0,1,0,0,0,1,1
0,0,1,1,0,0,0,0,1,1,0,0,0,1,0,0,0,1,0,1,0,0,1,0,0,0,1,1
0,0,1,1,0,0,0,1,0,0,0,1,0,0,1,0,0,1,0,1,0,0,1,0,1,0,0,1
0,0,1,1,0,0,0,1,0,0,0,1,0,0,1,0,0,1,0,1,0,1,0,0,0,1,0,1
0,0,1,1,0,0,0,1,0,0,0,1,0,0,1,0,0,1,1,0,0,0,1,0,0,1,0,1
0,0,1,1,0,0,0,1,0,0,0,1,0,0,1,0,1,0,0,0,1,0,1,0,1,0,0,1
0,0,1,1,0,0,0,1,0,0,0,1,0,0,1,0,1,0,0,1,0,1,0,0,0,0,1,1
0,0,1,1,0,0,0,1,0,0,0,1,0,0,1,0,1,0,1,0,0,0,1,0,0,0,1,1
0,0,1,1,0,0,0,1,0,0,0,1,0,0,1,1,0,0,0,0,1,0,1,0,0,1,0,1
0,0,1,1,0,0,0,1,0,0,0,1,0,0,1,1,0,0,0,1,0,0,1,0,0,0,1,1
0,0,1,1,0,0,0,1,0,0,0,1,0,1,0,0,0,1,0,0,1,0,1,0,1,0,0,1
0,0,1,1,0,0,0,1,0,0,0,1,0,1,0,0,0,1,0,0,1,1,0,0,0,1,0,1
0,0,1,1,0,0,0,1,0,0,0,1,0,1,0,0,1,0,0,0,1,0,0,1,1,0,0,1
0,0,1,1,0,0,0,1,0,0,0,1,0,1,0,0,1,0,0,0,1,1,0,0,0,0,1,1
0,0,1,1,0,0,0,1,0,0,0,1,0,1,0,1,0,0,0,0,1,0,0,1,0,1,0,1
0,0,1,1,0,0,0,1,0,0,0,1,0,1,0,1,0,0,0,0,1,0,1,0,0,0,1,1
0,0,1,1,0,0,0,1,0,0,0,1,0,1,0,1,0,0,0,0,1,1,0,0,1,0,0,1
0,0,1,1,0,0,0,1,0,0,0,1,1,0,0,0,0,1,0,0,1,0,1,0,0,1,0,1
0,0,1,1,0,0,0,1,0,0,0,1,1,0,0,0,1,0,0,0,1,0,1,0,0,0,1,1
0,0,1,1,0,0,0,1,0,0,0,1,1,0,0,0,1,0,0,0,1,1,0,0,1,0,0,1
0,0,1,1,0,0,0,1,0,0,0,1,1,0,0,1,0,0,0,0,1,0,1,0,1,0,0,1
0,0,1,1,0,0,0,1,0,0,0,1,1,0,0,1,0,0,0,0,1,1,0,0,0,1,0,1
0,0,1,1,0,0,0,1,0,0,1,0,0,0,1,0,0,1,0,1,0,1,0,0,0,0,1,1
0,0,1,1,0,0,0,1,0,0,1,0,0,0,1,0,0,1,1,0,0,0,1,0,0,0,1,1
0,0,1,1,0,0,0,1,0,0,1,0,0,0,1,0,1,0,0,0,1,1,0,0,0,0,1,1
0,0,1,1,0,0,0,1,0,0,1,0,0,0,1,0,1,0,1,0,0,0,0,1,0,0,1,1
0,0,1,1,0,0,0,1,0,0,1,0,0,0,1,1,0,0,0,0,1,0,1,0,0,0,1,1
0,0,1,1,0,0,0,1,0,0,1,0,0,0,1,1,0,0,0,1,0,0,0,1,0,0,1,1
0,0,1,1,0,0,0,1,0,0,1,0,0,0,1,1,0,0,1,0,0,1,0,0,0,0,1,1
0,0,1,1,0,0,0,1,0,0,1,0,0,1,0,1,0,0,0,0,1,0,0,1,0,0,1,1
0,0,1,1,0,0,0,1,0,0,1,0,1,0,0,0,1,0,0,0,1,0,0,1,0,0,1,1
0,0,1,1,0,0,0,1,0,1,0,0,0,0,1,0,0,1,0,1,0,0,1,0,0,0,1,1
0,0,1,1,0,0,0,1,0,1,0,0,0,0,1,0,1,0,0,0,1,0,1,0,0,0,1,1
0,0,1,1,0,0,0,1,0,1,0,0,0,0,1,0,1,0,0,1,0,0,0,1,0,0,1,1
0,0,1,1,0,0,0,1,0,1,0,0,0,0,1,0,1,0,1,0,0,1,0,0,0,0,1,1
0,0,1,1,0,0,0,1,0,1,0,0,0,0,1,1,0,0,0,1,0,1,0,0,0,0,1,1
0,0,1,1,0,0,0,1,0,1,0,0,0,0,1,1,0,0,1,0,0,0,1,0,0,0,1,1
0,0,1,1,0,0,0,1,0,1,0,0,0,1,0,0,1,0,0,0,1,0,0,1,0,0,1,1
0,0,1,1,0,0,1,0,0,0,0,1,0,0,1,0,1,0,0,0,1,0,1,0,0,1,0,1
0,0,1,1,0,0,1,0,0,0,0,1,0,0,1,0,1,0,0,1,0,0,1,0,0,0,1,1
0,0,1,1,0,0,1,0,0,0,0,1,0,1,0,0,0,1,0,0,1,0,1,0,0,1,0,1
0,0,1,1,0,0,1,0,0,0,0,1,0,1,0,0,1,0,0,0,1,0,0,1,0,1,0,1
0,0,1,1,0,0,1,0,0,0,0,1,0,1,0,0,1,0,0,0,1,0,1,0,0,0,1,1
0,0,1,1,0,0,1,0,0,0,0,1,0,1,0,0,1,0,0,0,1,1,0,0,1,0,0,1
0,0,1,1,0,0,1,0,0,0,0,1,0,1,0,1,0,0,0,0,1,0,1,0,1,0,0,1
0,0,1,1,0,0,1,0,0,0,0,1,0,1,0,1,0,0,0,0,1,1,0,0,0,1,0,1
0,0,1,1,0,0,1,0,0,0,0,1,1,0,0,0,1,0,0,0,1,0,1,0,1,0,0,1
0,0,1,1,0,0,1,0,0,0,0,1,1,0,0,0,1,0,0,0,1,1,0,0,0,1,0,1
0,0,1,1,0,0,1,0,0,0,0,1,1,0,0,1,0,0,0,0,1,0,1,0,0,1,0,1
0,0,1,1,0,0,1,0,0,0,1,0,0,0,1,0,0,1,0,1,0,0,1,0,0,0,1,1
0,0,1,1,0,0,1,0,0,0,1,0,0,0,1,0,1,0,0,0,1,0,1,0,0,0,1,1
0,0,1,1,0,0,1,0,0,0,1,0,0,0,1,0,1,0,0,1,0,0,0,1,0,0,1,1
0,0,1,1,0,0,1,0,0,0,1,0,0,0,1,0,1,0,1,0,0,1,0,0,0,0,1,1
0,0,1,1,0,0,1,0,0,0,1,0,0,0,1,1,0,0,0,1,0,1,0,0,0,0,1,1
0,0,1,1,0,0,1,0,0,0,1,0,0,0,1,1,0,0,1,0,0,0,1,0,0,0,1,1
0,0,1,1,0,0,1,0,0,1,0,0,0,0,1,0,1,0,0,1,0,1,0,0,0,0,1,1
0,0,1,1,0,0,1,0,0,1,0,0,0,0,1,0,1,0,1,0,0,0,1,0,0,0,1,1
0,0,1,1,0,0,1,0,0,1,0,0,0,0,1,1,0,0,0,1,0,0,1,0,0,0,1,1
0,1,0,0,0,1,0,0,1,0,0,1,0,0,1,0,1,0,0,0,1,0,1,0,0,1,0,1
0,1,0,0,0,1,0,0,1,0,0,1,0,0,1,0,1,0,0,1,0,0,0,1,0,1,0,1
0,1,0,0,0,1,0,0,1,0,0,1,0,1,0,0,0,1,0,1,0,0,1,0,0,0,1,1
0,1,0,0,0,1,0,0,1,0,1,0,0,0,1,0,0,1,0,0,1,0,1,0,0,1,0,1
0,1,0,0,0,1,0,0,1,0,1,0,0,0,1,0,1,0,0,0,1,0,0,1,0,1,0,1
0,1,0,0,0,1,0,0,1,0,1,0,0,0,1,0,1,0,0,0,1,0,1,0,0,0,1,1
0,1,0,0,0,1,0,0,1,0,1,0,0,0,1,0,1,0,0,0,1,1,0,0,1,0,0,1
0,1,0,0,0,1,0,0,1,0,1,0,0,0,1,0,1,0,1,0,0,0,0,1,1,0,0,1
0,1,0,0,0,1,0,0,1,0,1,0,0,0,1,1,0,0,0,0,1,0,1,0,1,0,0,1
0,1,0,0,0,1,0,0,1,0,1,0,0,0,1,1,0,0,0,0,1,1,0,0,0,1,0,1
0,1,0,0,0,1,0,0,1,0,1,0,0,0,1,1,0,0,1,0,0,0,0,1,0,1,0,1
0,1,0,0,0,1,0,0,1,0,1,0,0,1,0,0,0,1,0,0,1,0,1,0,0,0,1,1
0,1,0,0,0,1,0,0,1,0,1,0,0,1,0,0,0,1,1,0,0,1,0,0,0,0,1,1
0,1,0,0,0,1,0,0,1,0,1,0,1,0,0,0,0,1,1,0,0,0,1,0,0,0,1,1
0,1,0,0,0,1,0,0,1,1,0,0,0,0,1,0,1,0,0,0,1,0,1,0,1,0,0,1
0,1,0,0,0,1,0,0,1,1,0,0,0,0,1,0,1,0,0,0,1,1,0,0,0,1,0,1
0,1,0,0,0,1,0,0,1,1,0,0,0,0,1,0,1,0,0,1,0,0,0,1,1,0,0,1
0,1,0,0,0,1,0,0,1,1,0,0,0,0,1,0,1,0,1,0,0,0,0,1,0,1,0,1
0,1,0,0,0,1,0,0,1,1,0,0,0,0,1,1,0,0,0,0,1,0,1,0,0,1,0,1
0,1,0,0,0,1,0,0,1,1,0,0,0,0,1,1,0,0,0,1,0,0,0,1,0,1,0,1
0,1,0,0,0,1,0,0,1,1,0,0,0,1,0,0,0,1,0,1,0,1,0,0,0,0,1,1
0,1,0,0,0,1,0,0,1,1,0,0,0,1,0,0,0,1,1,0,0,0,1,0,0,0,1,1
0,1,0,0,0,1,0,0,1,1,0,0,1,0,0,0,0,1,0,1,0,0,1,0,0,0,1,1
0,1,0,0,0,1,0,1,0,0,0,1,0,0,1,0,0,1,0,0,1,0,1,0,0,1,0,1
0,1,0,0,0,1,0,1,0,0,0,1,0,0,1,0,0,1,0,1,0,0,0,1,0,1,0,1
0,1,0,0,0,1,0,1,0,0,0,1,0,0,1,0,0,1,0,1,0,0,1,0,0,0,1,1
0,1,0,0,0,1,0,1,0,0,0,1,0,0,1,0,0,1,0,1,0,1,0,0,1,0,0,1
0,1,0,0,0,1,0,1,0,0,0,1,0,0,1,0,0,1,1,0,0,0,1,0,1,0,0,1
0,1,0,0,0,1,0,1,0,0,0,1,0,0,1,0,0,1,1,0,0,1,0,0,0,1,0,1
0,1,0,0,0,1,0,1,0,0,0,1,0,0,1,0,1,0,0,1,0,0,0,1,0,0,1,1
0,1,0,0,0,1,0,1,0,0,0,1,0,0,1,0,1,0,1,0,0,0,0,1,1,0,0,1
0,1,0,0,0,1,0,1,0,0,0,1,0,0,1,1,0,0,0,1,0,0,0,1,1,0,0,1
0,1,0,0,0,1,0,1,0,0,0,1,0,0,1,1,0,0,1,0,0,0,0,1,0,1,0,1
0,1,0,0,0,1,0,1,0,0,0,1,0,1,0,0,1,0,0,0,1,0,0,1,0,0,1,1
0,1,0,0,0,1,0,1,0,0,1,0,0,0,1,0,0,1,0,0,1,0,0,1,0,1,0,1
0,1,0,0,0,1,0,1,0,0,1,0,0,0,1,0,0,1,1,0,0,0,0,1,1,0,0,1
0,1,0,0,0,1,0,1,0,0,1,0,0,0,1,0,1,0,0,0,1,0,0,1,0,0,1,1
0,1,0,0,0,1,0,1,0,0,1,0,0,0,1,1,0,0,0,0,1,0,0,1,1,0,0,1
0,1,0,0,0,1,0,1,0,0,1,0,0,0,1,1,0,0,1,0,0,0,0,1,0,0,1,1
0,1,0,0,0,1,0,1,0,0,1,0,0,1,0,0,0,1,0,0,1,0,0,1,0,0,1,1
0,1,0,0,0,1,0,1,0,0,1,0,1,0,0,1,0,0,0,0,1,0,0,1,0,0,1,1
0,1,0,0,0,1,0,1,0,1,0,0,0,0,1,0,0,1,0,1,0,0,0,1,1,0,0,1
0,1,0,0,0,1,0,1,0,1,0,0,0,0,1,0,0,1,1,0,0,0,0,1,0,1,0,1
0,1,0,0,0,1,0,1,0,1,0,0,0,0,1,0,1,0,0,0,1,0,0,1,1,0,0,1
0,1,0,0,0,1,0,1,0,1,0,0,0,0,1,0,1,0,1,0,0,0,0,1,0,0,1,1
0,1,0,0,0,1,0,1,0,1,0,0,0,0,1,1,0,0,0,0,1,0,0,1,0,1,0,1
0,1,0,0,0,1,0,1,0,1,0,0,0,0,1,1,0,0,0,1,0,0,0,1,0,0,1,1
0,1,0,0,0,1,0,1,0,1,0,0,0,0,1,1,0,0,1,0,0,0,0,1,1,0,0,1
0,1,0,0,0,1,0,1,0,1,0,0,0,1,0,1,0,0,0,0,1,0,0,1,0,0,1,1
0,1,0,0,0,1,0,1,0,1,0,0,1,0,0,0,1,0,0,0,1,0,0,1,0,0,1,1
0,1,0,0,0,1,1,0,0,0,0,1,0,0,1,0,0,1,0,1,0,0,1,0,1,0,0,1
0,1,0,0,0,1,1,0,0,0,0,1,0,0,1,0,0,1,0,1,0,1,0,0,0,1,0,1
0,1,0,0,0,1,1,0,0,0,0,1,0,0,1,0,0,1,1,0,0,0,1,0,0,1,0,1
0,1,0,0,0,1,1,0,0,0,0,1,0,0,1,0,1,0,0,1,0,0,0,1,1,0,0,1
0,1,0,0,0,1,1,0,0,0,0,1,0,0,1,0,1,0,1,0,0,0,0,1,0,1,0,1
0,1,0,0,0,1,1,0,0,0,0,1,0,0,1,1,0,0,0,1,0,0,0,1,0,1,0,1
0,1,0,0,0,1,1,0,0,0,1,0,0,0,1,0,0,1,1,0,0,0,0,1,0,1,0,1
0,1,0,0,0,1,1,0,0,0,1,0,0,0,1,0,1,0,0,0,1,0,0,1,1,0,0,1
0,1,0,0,0,1,1,0,0,0,1,0,0,0,1,0,1,0,1,0,0,0,0,1,0,0,1,1
0,1,0,0,0,1,1,0,0,0,1,0,0,0,1,1,0,0,0,0,1,0,0,1,0,1,0,1
0,1,0,0,0,1,1,0,0,0,1,0,0,0,1,1,0,0,1,0,0,0,0,1,1,0,0,1
0,1,0,0,0,1,1,0,0,0,1,0,0,1,0,1,0,0,0,0,1,0,0,1,0,0,1,1
0,1,0,0,0,1,1,0,0,0,1,0,1,0,0,0,1,0,0,0,1,0,0,1,0,0,1,1
0,1,0,0,0,1,1,0,0,1,0,0,0,0,1,0,0,1,0,1,0,0,0,1,0,1,0,1
0,1,0,0,0,1,1,0,0,1,0,0,0,0,1,0,1,0,0,0,1,0,0,1,0,1,0,1
0,1,0,0,0,1,1,0,0,1,0,0,0,0,1,0,1,0,0,1,0,0,0,1,0,0,1,1
0,1,0,0,0,1,1,0,0,1,0,0,0,0,1,0,1,0,1,0,0,0,0,1,1,0,0,1
0,1,0,0,0,1,1,0,0,1,0,0,0,0,1,1,0,0,0,1,0,0,0,1,1,0,0,1
0,1,0,0,0,1,1,0,0,1,0,0,0,0,1,1,0,0,1,0,0,0,0,1,0,1,0,1
0,1,0,0,0,1,1,0,0,1,0,0,0,1,0,0,1,0,0,0,1,0,0,1,0,0,1,1
0,1,0,0,1,0,0,0,1,0,0,1,0,0,1,0,0,1,0,0,1,0,1,0,0,1,0,1
0,1,0,0,1,0,0,0,1,0,0,1,0,0,1,0,0,1,0,1,0,0,0,1,0,1,0,1
0,1,0,0,1,0,0,0,1,0,0,1,0,0,1,0,0,1,0,1,0,0,1,0,0,0,1,1
0,1,0,0,1,0,0,0,1,0,0,1,0,0,1,0,0,1,0,1,0,1,0,0,1,0,0,1
0,1,0,0,1,0,0,0,1,0,0,1,0,0,1,0,0,1,1,0,0,0,1,0,1,0,0,1
0,1,0,0,1,0,0,0,1,0,0,1,0,0,1,0,0,1,1,0,0,1,0,0,0,1,0,1
0,1,0,0,1,0,0,0,1,0,0,1,0,0,1,0,1,0,0,0,1,0,0,1,0,1,0,1
0,1,0,0,1,0,0,0,1,0,0,1,0,0,1,0,1,0,0,0,1,0,1,0,0,0,1,1
0,1,0,0,1,0,0,0,1,0,0,1,0,0,1,0,1,0,0,0,1,1,0,0,1,0,0,1
0,1,0,0,1,0,0,0,1,0,0,1,0,0,1,1,0,0,0,0,1,0,1,0,1,0,0,1
0,1,0,0,1,0,0,0,1,0,0,1,0,0,1,1,0,0,0,0,1,1,0,0,0,1,0,1
0,1,0,0,1,0,0,0,1,0,0,1,0,1,0,0,0,1,0,1,0,0,0,1,0,0,1,1
0,1,0,0,1,0,0,0,1,0,0,1,0,1,0,0,0,1,1,0,0,1,0,0,0,0,1,1
0,1,0,0,1,0,0,0,1,0,0,1,0,1,0,0,1,0,0,0,1,0,0,1,0,0,1,1
0,1,0,0,1,0,0,0,1,0,0,1,1,0,0,0,0,1,0,1,0,1,0,0,0,0,1,1
0,1,0,0,1,0,0,0,1,0,0,1,1,0,0,0,0,1,1,0,0,0,1,0,0,0,1,1
0,1,0,0,1,0,0,0,1,0,1,0,0,0,1,0,0,1,0,0,1,0,0,1,0,1,0,1
0,1,0,0,1,0,0,0,1,0,1,0,0,0,1,0,0,1,0,0,1,0,1,0,0,0,1,1
0,1,0,0,1,0,0,0,1,0,1,0,0,0,1,0,0,1,0,0,1,1,0,0,1,0,0,1
0,1,0,0,1,0,0,0,1,0,1,0,0,0,1,0,0,1,1,0,0,1,0,0,0,0,1,1
0,1,0,0,1,0,0,0,1,0,1,0,0,0,1,0,1,0,0,0,1,0,0,1,0,0,1,1
0,1,0,0,1,0,0,0,1,0,1,0,0,0,1,1,0,0,0,0,1,0,0,1,1,0,0,1
0,1,0,0,1,0,0,0,1,0,1,0,0,0,1,1,0,0,0,0,1,1,0,0,0,0,1,1
0,1,0,0,1,0,0,0,1,0,1,0,0,1,0,0,0,1,0,0,1,0,0,1,0,0,1,1
0,1,0,0,1,0,0,0,1,0,1,0,1,0,0,0,0,1,0,0,1,1,0,0,0,0,1,1
0,1,0,0,1,0,0,0,1,0,1,0,1,0,0,0,0,1,1,0,0,0,0,1,0,0,1,1
0,1,0,0,1,0,0,0,1,0,1,0,1,0,0,1,0,0,0,0,1,0,0,1,0,0,1,1
0,1,0,0,1,0,0,0,1,1,0,0,0,0,1,0,0,1,0,0,1,0,1,0,1,0,0,1
0,1,0,0,1,0,0,0,1,1,0,0,0,0,1,0,0,1,0,0,1,1,0,0,0,1,0,1
0,1,0,0,1,0,0,0,1,1,0,0,0,0,1,0,0,1,0,1,0,1,0,0,0,0,1,1
0,1,0,0,1,0,0,0,1,1,0,0,0,0,1,0,0,1,1,0,0,0,1,0,0,0,1,1
0,1,0,0,1,0,0,0,1,1,0,0,0,0,1,0,1,0,0,0,1,0,0,1,1,0,0,1
0,1,0,0,1,0,0,0,1,1,0,0,0,0,1,0,1,0,0,0,1,1,0,0,0,0,1,1
0,1,0,0,1,0,0,0,1,1,0,0,0,0,1,1,0,0,0,0,1,0,0,1,0,1,0,1
0,1,0,0,1,0,0,0,1,1,0,0,0,0,1,1,0,0,0,0,1,0,1,0,0,0,1,1
0,1,0,0,1,0,0,0,1,1,0,0,0,0,1,1,0,0,0,0,1,1,0,0,1,0,0,1
0,1,0,0,1,0,0,0,1,1,0,0,0,1,0,0,0,1,0,0,1,1,0,0,0,0,1,1
0,1,0,0,1,0,0,0,1,1,0,0,0,1,0,0,0,1,1,0,0,0,0,1,0,0,1,1
0,1,0,0,1,0,0,0,1,1,0,0,0,1,0,1,0,0,0,0,1,0,0,1,0,0,1,1
0,1,0,0,1,0,0,0,1,1,0,0,1,0,0,0,0,1,0,0,1,0,1,0,0,0,1,1
0,1,0,0,1,0,0,0,1,1,0,0,1,0,0,0,0,1,0,1,0,0,0,1,0,0,1,1
0,1,0,0,1,0,0,0,1,1,0,0,1,0,0,0,0,1,1,0,0,1,0,0,0,0,1,1
0,1,0,0,1,0,0,0,1,1,0,0,1,0,0,0,1,0,0,0,1,0,0,1,0,0,1,1
0,1,0,0,1,0,1,0,0,0,0,1,0,0,1,0,0,1,0,0,1,0,1,0,1,0,0,1
0,1,0,0,1,0,1,0,0,0,0,1,0,0,1,0,0,1,0,0,1,1,0,0,0,1,0,1
0,1,0,0,1,0,1,0,0,0,0,1,0,0,1,0,0,1,0,1,0,0,0,1,1,0,0,1
0,1,0,0,1,0,1,0,0,0,0,1,0,0,1,0,0,1,0,1,0,1,0,0,0,0,1,1
0,1,0,0,1,0,1,0,0,0,0,1,0,0,1,0,0,1,1,0,0,0,0,1,0,1,0,1
0,1,0,0,1,0,1,0,0,0,0,1,0,0,1,0,0,1,1,0,0,0,1,0,0,0,1,1
0,1,0,0,1,0,1,0,0,0,0,1,0,0,1,0,0,1,1,0,0,1,0,0,1,0,0,1
0,1,0,0,1,0,1,0,0,0,0,1,0,1,0,1,0,0,0,0,1,0,0,1,0,0,1,1
0,1,0,0,1,0,1,0,0,0,0,1,1,0,0,0,1,0,0,0,1,0,0,1,0,0,1,1
0,1,0,0,1,0,1,0,0,0,1,0,0,0,1,1,0,0,0,0,1,0,0,1,0,0,1,1
0,1,0,0,1,0,1,0,0,0,1,0,1,0,0,0,0,1,0,0,1,0,0,1,0,0,1,1
0,1,0,0,1,0,1,0,0,1,0,0,0,0,1,0,1,0,0,0,1,0,0,1,0,0,1,1
0,1,0,0,1,0,1,0,0,1,0,0,0,1,0,0,0,1,0,0,1,0,0,1,0,0,1,1
0,1,0,0,1,0,1,0,0,1,0,0,1,0,0,1,0,0,0,0,1,0,0,1,0,0,1,1
0,1,0,1,0,0,0,0,1,0,0,1,0,0,1,0,0,1,0,1,0,0,1,0,1,0,0,1
0,1,0,1,0,0,0,0,1,0,0,1,0,0,1,0,0,1,0,1,0,1,0,0,0,1,0,1
0,1,0,1,0,0,0,0,1,0,0,1,0,0,1,0,0,1,1,0,0,0,1,0,0,1,0,1
0,1,0,1,0,0,0,0,1,0,0,1,0,0,1,0,1,0,0,0,1,0,1,0,1,0,0,1
0,1,0,1,0,0,0,0,1,0,0,1,0,0,1,0,1,0,0,0,1,1,0,0,0,1,0,1
0,1,0,1,0,0,0,0,1,0,0,1,0,0,1,1,0,0,0,0,1,0,1,0,0,1,0,1
0,1,0,1,0,0,0,0,1,0,0,1,0,1,0,0,0,1,0,1,0,1,0,0,0,0,1,1
0,1,0,1,0,0,0,0,1,0,0,1,0,1,0,0,0,1,1,0,0,0,1,0,0,0,1,1
0,1,0,1,0,0,0,0,1,0,0,1,1,0,0,0,0,1,0,1,0,0,1,0,0,0,1,1
0,1,0,1,0,0,0,0,1,0,1,0,0,0,1,0,0,1,0,0,1,0,1,0,1,0,0,1
0,1,0,1,0,0,0,0,1,0,1,0,0,0,1,0,0,1,0,0,1,1,0,0,0,1,0,1
0,1,0,1,0,0,0,0,1,0,1,0,0,0,1,0,0,1,1,0,0,0,1,0,0,0,1,1
0,1,0,1,0,0,0,0,1,0,1,0,0,0,1,0,1,0,0,0,1,0,0,1,1,0,0,1
0,1,0,1,0,0,0,0,1,0,1,0,0,0,1,0,1,0,0,0,1,1,0,0,0,0,1,1
0,1,0,1,0,0,0,0,1,0,1,0,0,0,1,1,0,0,0,0,1,0,0,1,0,1,0,1
0,1,0,1,0,0,0,0,1,0,1,0,0,0,1,1,0,0,0,0,1,0,1,0,0,0,1,1
0,1,0,1,0,0,0,0,1,0,1,0,0,0,1,1,0,0,0,0,1,1,0,0,1,0,0,1
0,1,0,1,0,0,0,0,1,0,1,0,0,1,0,0,0,1,0,0,1,1,0,0,0,0,1,1
0,1,0,1,0,0,0,0,1,0,1,0,0,1,0,0,0,1,1,0,0,0,0,1,0,0,1,1
0,1,0,1,0,0,0,0,1,0,1,0,0,1,0,1,0,0,0,0,1,0,0,1,0,0,1,1
0,1,0,1,0,0,0,0,1,0,1,0,1,0,0,0,0,1,0,0,1,0,1,0,0,0,1,1
0,1,0,1,0,0,0,0,1,0,1,0,1,0,0,0,0,1,1,0,0,1,0,0,0,0,1,1
0,1,0,1,0,0,0,0,1,0,1,0,1,0,0,0,1,0,0,0,1,0,0,1,0,0,1,1
0,1,0,1,0,0,0,0,1,1,0,0,0,0,1,0,0,1,0,0,1,0,1,0,0,1,0,1
0,1,0,1,0,0,0,0,1,1,0,0,0,0,1,0,0,1,0,1,0,0,1,0,0,0,1,1
0,1,0,1,0,0,0,0,1,1,0,0,0,0,1,0,1,0,0,0,1,0,0,1,0,1,0,1
0,1,0,1,0,0,0,0,1,1,0,0,0,0,1,0,1,0,0,0,1,0,1,0,0,0,1,1
0,1,0,1,0,0,0,0,1,1,0,0,0,0,1,0,1,0,0,0,1,1,0,0,1,0,0,1
0,1,0,1,0,0,0,0,1,1,0,0,0,0,1,1,0,0,0,0,1,0,1,0,1,0,0,1
0,1,0,1,0,0,0,0,1,1,0,0,0,0,1,1,0,0,0,0,1,1,0,0,0,1,0,1
0,1,0,1,0,0,0,0,1,1,0,0,0,1,0,0,0,1,0,0,1,0,1,0,0,0,1,1
0,1,0,1,0,0,0,0,1,1,0,0,0,1,0,0,0,1,0,1,0,0,0,1,0,0,1,1
0,1,0,1,0,0,0,0,1,1,0,0,0,1,0,0,0,1,1,0,0,1,0,0,0,0,1,1
0,1,0,1,0,0,0,0,1,1,0,0,0,1,0,0,1,0,0,0,1,0,0,1,0,0,1,1
0,1,0,1,0,0,0,0,1,1,0,0,1,0,0,0,0,1,0,1,0,1,0,0,0,0,1,1
0,1,0,1,0,0,0,0,1,1,0,0,1,0,0,0,0,1,1,0,0,0,1,0,0,0,1,1
0,1,0,1,0,0,0,1,0,0,0,1,0,0,1,0,0,1,0,0,1,0,1,0,1,0,0,1
0,1,0,1,0,0,0,1,0,0,0,1,0,0,1,0,0,1,0,0,1,1,0,0,0,1,0,1
0,1,0,1,0,0,0,1,0,0,0,1,0,0,1,0,0,1,0,1,0,0,0,1,1,0,0,1
0,1,0,1,0,0,0,1,0,0,0,1,0,0,1,0,0,1,0,1,0,1,0,0,0,0,1,1
0,1,0,1,0,0,0,1,0,0,0,1,0,0,1,0,0,1,1,0,0,0,0,1,0,1,0,1
0,1,0,1,0,0,0,1,0,0,0,1,0,0,1,0,0,1,1,0,0,0,1,0,0,0,1,1
0,1,0,1,0,0,0,1,0,0,0,1,0,0,1,0,0,1,1,0,0,1,0,0,1,0,0,1
0,1,0,1,0,0,0,1,0,0,0,1,0,1,0,1,0,0,0,0,1,0,0,1,0,0,1,1
0,1,0,1,0,0,0,1,0,0,0,1,1,0,0,0,1,0,0,0,1,0,0,1,0,0,1,1
0,1,0,1,0,0,0,1,0,0,1,0,0,0,1,1,0,0,0,0,1,0,0,1,0,0,1,1
0,1,0,1,0,0,0,1,0,0,1,0,1,0,0,0,0,1,0,0,1,0,0,1,0,0,1,1
0,1,0,1,0,0,0,1,0,1,0,0,0,0,1,0,1,0,0,0,1,0,0,1,0,0,1,1
0,1,0,1,0,0,0,1,0,1,0,0,0,1,0,0,0,1,0,0,1,0,0,1,0,0,1,1
0,1,0,1,0,0,0,1,0,1,0,0,1,0,0,1,0,0,0,0,1,0,0,1,0,0,1,1
0,1,0,1,0,0,1,0,0,0,0,1,0,0,1,0,0,1,0,0,1,0,1,0,0,1,0,1
0,1,0,1,0,0,1,0,0,0,0,1,0,0,1,0,0,1,0,1,0,0,0,1,0,1,0,1
0,1,0,1,0,0,1,0,0,0,0,1,0,0,1,0,0,1,0,1,0,0,1,0,0,0,1,1
0,1,0,1,0,0,1,0,0,0,0,1,0,0,1,0,0,1,0,1,0,1,0,0,1,0,0,1
0,1,0,1,0,0,1,0,0,0,0,1,0,0,1,0,0,1,1,0,0,0,1,0,1,0,0,1
0,1,0,1,0,0,1,0,0,0,0,1,0,0,1,0,0,1,1,0,0,1,0,0,0,1,0,1
0,1,0,1,0,0,1,0,0,0,0,1,0,1,0,0,1,0,0,0,1,0,0,1,0,0,1,1
0,1,0,1,0,0,1,0,0,0,1,0,0,0,1,0,1,0,0,0,1,0,0,1,0,0,1,1
0,1,0,1,0,0,1,0,0,0,1,0,0,1,0,0,0,1,0,0,1,0,0,1,0,0,1,1
0,1,0,1,0,0,1,0,0,0,1,0,1,0,0,1,0,0,0,0,1,0,0,1,0,0,1,1
0,1,0,1,0,0,1,0,0,1,0,0,0,1,0,1,0,0,0,0,1,0,0,1,0,0,1,1
0,1,0,1,0,0,1,0,0,1,0,0,1,0,0,0,1,0,0,0,1,0,0,1,0,0,1,1
1,0,0,0,0,1,0,0,1,0,1,0,0,0,1,0,1,0,0,0,1,0,1,0,1,0,0,1
1,0,0,0,0,1,0,0,1,0,1,0,0,0,1,0,1,0,0,0,1,1,0,0,0,1,0,1
1,0,0,0,0,1,0,0,1,0,1,0,0,0,1,0,1,0,0,1,0,0,0,1,1,0,0,1
1,0,0,0,0,1,0,0,1,0,1,0,0,0,1,0,1,0,1,0,0,0,0,1,0,1,0,1
1,0,0,0,0,1,0,0,1,0,1,0,0,0,1,1,0,0,0,0,1,0,1,0,0,1,0,1
1,0,0,0,0,1,0,0,1,0,1,0,0,0,1,1,0,0,0,1,0,0,0,1,0,1,0,1
1,0,0,0,0,1,0,0,1,0,1,0,0,1,0,0,0,1,0,1,0,1,0,0,0,0,1,1
1,0,0,0,0,1,0,0,1,0,1,0,0,1,0,0,0,1,1,0,0,0,1,0,0,0,1,1
1,0,0,0,0,1,0,0,1,0,1,0,1,0,0,0,0,1,0,1,0,0,1,0,0,0,1,1
1,0,0,0,0,1,0,0,1,1,0,0,0,0,1,0,1,0,0,0,1,0,1,0,0,1,0,1
1,0,0,0,0,1,0,0,1,1,0,0,0,0,1,0,1,0,0,1,0,0,0,1,0,1,0,1
1,0,0,0,0,1,0,0,1,1,0,0,0,1,0,0,0,1,0,1,0,0,1,0,0,0,1,1
1,0,0,0,0,1,0,1,0,0,0,1,0,0,1,0,0,1,0,1,0,0,1,0,1,0,0,1
1,0,0,0,0,1,0,1,0,0,0,1,0,0,1,0,0,1,0,1,0,1,0,0,0,1,0,1
1,0,0,0,0,1,0,1,0,0,0,1,0,0,1,0,0,1,1,0,0,0,1,0,0,1,0,1
1,0,0,0,0,1,0,1,0,0,0,1,0,0,1,0,1,0,0,1,0,0,0,1,1,0,0,1
1,0,0,0,0,1,0,1,0,0,0,1,0,0,1,1,0,0,0,1,0,0,0,1,0,1,0,1
1,0,0,0,0,1,0,1,0,0,1,0,0,0,1,0,0,1,0,1,0,0,0,1,1,0,0,1
1,0,0,0,0,1,0,1,0,0,1,0,0,0,1,0,0,1,1,0,0,0,0,1,0,1,0,1
1,0,0,0,0,1,0,1,0,0,1,0,0,0,1,0,1,0,0,0,1,0,0,1,1,0,0,1
1,0,0,0,0,1,0,1,0,0,1,0,0,0,1,0,1,0,1,0,0,0,0,1,0,0,1,1
1,0,0,0,0,1,0,1,0,0,1,0,0,0,1,1,0,0,0,0,1,0,0,1,0,1,0,1
1,0,0,0,0,1,0,1,0,0,1,0,0,0,1,1,0,0,0,1,0,0,0,1,0,0,1,1
1,0,0,0,0,1,0,1,0,0,1,0,0,0,1,1,0,0,1,0,0,0,0,1,1,0,0,1
1,0,0,0,0,1,0,1,0,0,1,0,0,1,0,1,0,0,0,0,1,0,0,1,0,0,1,1
1,0,0,0,0,1,0,1,0,0,1,0,1,0,0,0,1,0,0,0,1,0,0,1,0,0,1,1
1,0,0,0,0,1,0,1,0,1,0,0,0,0,1,0,0,1,0,1,0,0,0,1,0,1,0,1
1,0,0,0,0,1,0,1,0,1,0,0,0,0,1,0,1,0,0,1,0,0,0,1,0,0,1,1
1,0,0,0,0,1,0,1,0,1,0,0,0,0,1,0,1,0,1,0,0,0,0,1,1,0,0,1
1,0,0,0,0,1,0,1,0,1,0,0,0,0,1,1,0,0,0,1,0,0,0,1,1,0,0,1
1,0,0,0,0,1,0,1,0,1,0,0,0,0,1,1,0,0,1,0,0,0,0,1,0,1,0,1
1,0,0,0,0,1,0,1,0,1,0,0,0,1,0,0,1,0,0,0,1,0,0,1,0,0,1,1
1,0,0,0,0,1,1,0,0,0,0,1,0,0,1,0,1,0,0,1,0,0,0,1,0,1,0,1
1,0,0,0,0,1,1,0,0,0,1,0,0,0,1,0,0,1,0,1,0,0,0,1,0,1,0,1
1,0,0,0,0,1,1,0,0,0,1,0,0,0,1,0,1,0,0,0,1,0,0,1,0,1,0,1
1,0,0,0,0,1,1,0,0,0,1,0,0,0,1,0,1,0,0,1,0,0,0,1,0,0,1,1
1,0,0,0,0,1,1,0,0,0,1,0,0,0,1,0,1,0,1,0,0,0,0,1,1,0,0,1
1,0,0,0,0,1,1,0,0,0,1,0,0,0,1,1,0,0,0,1,0,0,0,1,1,0,0,1
1,0,0,0,0,1,1,0,0,0,1,0,0,0,1,1,0,0,1,0,0,0,0,1,0,1,0,1
1,0,0,0,0,1,1,0,0,1,0,0,0,0,1,0,1,0,0,1,0,0,0,1,1,0,0,1
1,0,0,0,0,1,1,0,0,1,0,0,0,0,1,0,1,0,1,0,0,0,0,1,0,1,0,1
1,0,0,0,0,1,1,0,0,1,0,0,0,0,1,1,0,0,0,1,0,0,0,1,0,1,0,1
1,0,0,0,1,0,0,0,1,0,0,1,0,0,1,0,0,1,0,1,0,0,1,0,1,0,0,1
1,0,0,0,1,0,0,0,1,0,0,1,0,0,1,0,0,1,0,1,0,1,0,0,0,1,0,1
1,0,0,0,1,0,0,0,1,0,0,1,0,0,1,0,0,1,1,0,0,0,1,0,0,1,0,1
1,0,0,0,1,0,0,0,1,0,0,1,0,0,1,0,1,0,0,0,1,0,1,0,1,0,0,1
1,0,0,0,1,0,0,0,1,0,0,1,0,0,1,0,1,0,0,0,1,1,0,0,0,1,0,1
1,0,0,0,1,0,0,0,1,0,0,1,0,0,1,1,0,0,0,0,1,0,1,0,0,1,0,1
1,0,0,0,1,0,0,0,1,0,0,1,0,1,0,0,0,1,0,1,0,1,0,0,0,0,1,1
1,0,0,0,1,0,0,0,1,0,0,1,1,0,0,0,0,1,0,1,0,0,1,0,0,0,1,1
1,0,0,0,1,0,0,0,1,0,1,0,0,0,1,0,0,1,0,0,1,0,1,0,1,0,0,1
1,0,0,0,1,0,0,0,1,0,1,0,0,0,1,0,0,1,0,0,1,1,0,0,0,1,0,1
1,0,0,0,1,0,0,0,1,0,1,0,0,0,1,0,0,1,0,1,0,1,0,0,0,0,1,1
1,0,0,0,1,0,0,0,1,0,1,0,0,0,1,0,0,1,1,0,0,0,1,0,0,0,1,1
1,0,0,0,1,0,0,0,1,0,1,0,0,0,1,0,1,0,0,0,1,0,0,1,1,0,0,1
1,0,0,0,1,0,0,0,1,0,1,0,0,0,1,0,1,0,0,0,1,1,0,0,0,0,1,1
1,0,0,0,1,0,0,0,1,0,1,0,0,0,1,1,0,0,0,0,1,0,0,1,0,1,0,1
1,0,0,0,1,0,0,0,1,0,1,0,0,0,1,1,0,0,0,0,1,0,1,0,0,0,1,1
1,0,0,0,1,0,0,0,1,0,1,0,0,0,1,1,0,0,0,0,1,1,0,0,1,0,0,1
1,0,0,0,1,0,0,0,1,0,1,0,0,1,0,0,0,1,0,0,1,1,0,0,0,0,1,1
1,0,0,0,1,0,0,0,1,0,1,0,0,1,0,0,0,1,1,0,0,0,0,1,0,0,1,1
1,0,0,0,1,0,0,0,1,0,1,0,0,1,0,1,0,0,0,0,1,0,0,1,0,0,1,1
1,0,0,0,1,0,0,0,1,0,1,0,1,0,0,0,0,1,0,0,1,0,1,0,0,0,1,1
1,0,0,0,1,0,0,0,1,0,1,0,1,0,0,0,0,1,0,1,0,0,0,1,0,0,1,1
1,0,0,0,1,0,0,0,1,0,1,0,1,0,0,0,0,1,1,0,0,1,0,0,0,0,1,1
1,0,0,0,1,0,0,0,1,0,1,0,1,0,0,0,1,0,0,0,1,0,0,1,0,0,1,1
1,0,0,0,1,0,0,0,1,1,0,0,0,0,1,0,0,1,0,0,1,0,1,0,0,1,0,1
1,0,0,0,1,0,0,0,1,1,0,0,0,0,1,0,0,1,0,1,0,0,1,0,0,0,1,1
1,0,0,0,1,0,0,0,1,1,0,0,0,0,1,0,1,0,0,0,1,0,0,1,0,1,0,1
1,0,0,0,1,0,0,0,1,1,0,0,0,0,1,0,1,0,0,0,1,0,1,0,0,0,1,1
1,0,0,0,1,0,0,0,1,1,0,0,0,0,1,0,1,0,0,0,1,1,0,0,1,0,0,1
1,0,0,0,1,0,0,0,1,1,0,0,0,0,1,1,0,0,0,0,1,0,1,0,1,0,0,1
1,0,0,0,1,0,0,0,1,1,0,0,0,0,1,1,0,0,0,0,1,1,0,0,0,1,0,1
1,0,0,0,1,0,0,0,1,1,0,0,0,1,0,0,0,1,0,1,0,0,0,1,0,0,1,1
1,0,0,0,1,0,0,0,1,1,0,0,0,1,0,0,0,1,1,0,0,1,0,0,0,0,1,1
1,0,0,0,1,0,0,0,1,1,0,0,0,1,0,0,1,0,0,0,1,0,0,1,0,0,1,1
1,0,0,0,1,0,0,0,1,1,0,0,1,0,0,0,0,1,0,1,0,1,0,0,0,0,1,1
1,0,0,0,1,0,0,0,1,1,0,0,1,0,0,0,0,1,1,0,0,0,1,0,0,0,1,1
1,0,0,0,1,0,0,1,0,0,0,1,0,0,1,0,0,1,0,0,1,0,1,0,1,0,0,1
1,0,0,0,1,0,0,1,0,0,0,1,0,0,1,0,0,1,0,0,1,1,0,0,0,1,0,1
1,0,0,0,1,0,0,1,0,0,0,1,0,0,1,0,0,1,0,1,0,0,0,1,1,0,0,1
1,0,0,0,1,0,0,1,0,0,0,1,0,0,1,0,0,1,0,1,0,1,0,0,0,0,1,1
1,0,0,0,1,0,0,1,0,0,0,1,0,0,1,0,0,1,1,0,0,0,0,1,0,1,0,1
1,0,0,0,1,0,0,1,0,0,0,1,0,0,1,0,0,1,1,0,0,0,1,0,0,0,1,1
1,0,0,0,1,0,0,1,0,0,0,1,0,0,1,0,0,1,1,0,0,1,0,0,1,0,0,1
1,0,0,0,1,0,0,1,0,0,0,1,0,1,0,1,0,0,0,0,1,0,0,1,0,0,1,1
1,0,0,0,1,0,0,1,0,0,0,1,1,0,0,0,1,0,0,0,1,0,0,1,0,0,1,1
1,0,0,0,1,0,0,1,0,0,1,0,0,0,1,1,0,0,0,0,1,0,0,1,0,0,1,1
1,0,0,0,1,0,0,1,0,0,1,0,1,0,0,0,0,1,0,0,1,0,0,1,0,0,1,1
1,0,0,0,1,0,0,1,0,1,0,0,0,0,1,0,1,0,0,0,1,0,0,1,0,0,1,1
1,0,0,0,1,0,0,1,0,1,0,0,0,1,0,0,0,1,0,0,1,0,0,1,0,0,1,1
1,0,0,0,1,0,0,1,0,1,0,0,1,0,0,1,0,0,0,0,1,0,0,1,0,0,1,1
1,0,0,0,1,0,1,0,0,0,0,1,0,0,1,0,0,1,0,0,1,0,1,0,0,1,0,1
1,0,0,0,1,0,1,0,0,0,0,1,0,0,1,0,0,1,0,1,0,0,0,1,0,1,0,1
1,0,0,0,1,0,1,0,0,0,0,1,0,0,1,0,0,1,0,1,0,0,1,0,0,0,1,1
1,0,0,0,1,0,1,0,0,0,0,1,0,0,1,0,0,1,0,1,0,1,0,0,1,0,0,1
1,0,0,0,1,0,1,0,0,0,0,1,0,0,1,0,0,1,1,0,0,0,1,0,1,0,0,1
1,0,0,0,1,0,1,0,0,0,0,1,0,0,1,0,0,1,1,0,0,1,0,0,0,1,0,1
1,0,0,0,1,0,1,0,0,0,0,1,0,1,0,0,1,0,0,0,1,0,0,1,0,0,1,1
1,0,0,0,1,0,1,0,0,0,1,0,0,0,1,0,1,0,0,0,1,0,0,1,0,0,1,1
1,0,0,0,1,0,1,0,0,0,1,0,0,1,0,0,0,1,0,0,1,0,0,1,0,0,1,1
1,0,0,0,1,0,1,0,0,0,1,0,1,0,0,1,0,0,0,0,1,0,0,1,0,0,1,1
1,0,0,0,1,0,1,0,0,1,0,0,0,1,0,1,0,0,0,0,1,0,0,1,0,0,1,1
1,0,0,0,1,0,1,0,0,1,0,0,1,0,0,0,1,0,0,0,1,0,0,1,0,0,1,1
1,0,0,1,0,0,0,0,1,0,0,1,0,0,1,0,1,0,0,0,1,0,1,0,0,1,0,1
1,0,0,1,0,0,0,0,1,0,0,1,0,1,0,0,0,1,0,1,0,0,1,0,0,0,1,1
1,0,0,1,0,0,0,0,1,0,1,0,0,0,1,0,0,1,0,0,1,0,1,0,0,1,0,1
1,0,0,1,0,0,0,0,1,0,1,0,0,0,1,0,0,1,0,1,0,0,1,0,0,0,1,1
1,0,0,1,0,0,0,0,1,0,1,0,0,0,1,0,1,0,0,0,1,0,0,1,0,1,0,1
1,0,0,1,0,0,0,0,1,0,1,0,0,0,1,0,1,0,0,0,1,0,1,0,0,0,1,1
1,0,0,1,0,0,0,0,1,0,1,0,0,0,1,0,1,0,0,0,1,1,0,0,1,0,0,1
1,0,0,1,0,0,0,0,1,0,1,0,0,0,1,1,0,0,0,0,1,0,1,0,1,0,0,1
1,0,0,1,0,0,0,0,1,0,1,0,0,0,1,1,0,0,0,0,1,1,0,0,0,1,0,1
1,0,0,1,0,0,0,0,1,0,1,0,0,1,0,0,0,1,0,0,1,0,1,0,0,0,1,1
1,0,0,1,0,0,0,0,1,0,1,0,0,1,0,0,0,1,0,1,0,0,0,1,0,0,1,1
1,0,0,1,0,0,0,0,1,0,1,0,0,1,0,0,0,1,1,0,0,1,0,0,0,0,1,1
1,0,0,1,0,0,0,0,1,0,1,0,1,0,0,0,0,1,0,1,0,1,0,0,0,0,1,1
1,0,0,1,0,0,0,0,1,0,1,0,1,0,0,0,0,1,1,0,0,0,1,0,0,0,1,1
1,0,0,1,0,0,0,0,1,1,0,0,0,0,1,0,1,0,0,0,1,0,1,0,1,0,0,1
1,0,0,1,0,0,0,0,1,1,0,0,0,0,1,0,1,0,0,0,1,1,0,0,0,1,0,1
1,0,0,1,0,0,0,0,1,1,0,0,0,0,1,1,0,0,0,0,1,0,1,0,0,1,0,1
1,0,0,1,0,0,0,0,1,1,0,0,0,1,0,0,0,1,0,1,0,1,0,0,0,0,1,1
1,0,0,1,0,0,0,0,1,1,0,0,0,1,0,0,0,1,1,0,0,0,1,0,0,0,1,1
1,0,0,1,0,0,0,0,1,1,0,0,1,0,0,0,0,1,0,1,0,0,1,0,0,0,1,1
1,0,0,1,0,0,0,1,0,0,0,1,0,0,1,0,0,1,0,0,1,0,1,0,0,1,0,1
1,0,0,1,0,0,0,1,0,0,0,1,0,0,1,0,0,1,0,1,0,0,0,1,0,1,0,1
1,0,0,1,0,0,0,1,0,0,0,1,0,0,1,0,0,1,0,1,0,0,1,0,0,0,1,1
1,0,0,1,0,0,0,1,0,0,0,1,0,0,1,0,0,1,0,1,0,1,0,0,1,0,0,1
1,0,0,1,0,0,0,1,0,0,0,1,0,0,1,0,0,1,1,0,0,0,1,0,1,0,0,1
1,0,0,1,0,0,0,1,0,0,0,1,0,0,1,0,0,1,1,0,0,1,0,0,0,1,0,1
1,0,0,1,0,0,0,1,0,0,0,1,0,1,0,0,1,0,0,0,1,0,0,1,0,0,1,1
1,0,0,1,0,0,0,1,0,0,1,0,0,0,1,0,1,0,0,0,1,0,0,1,0,0,1,1
1,0,0,1,0,0,0,1,0,0,1,0,0,1,0,0,0,1,0,0,1,0,0,1,0,0,1,1
1,0,0,1,0,0,0,1,0,0,1,0,1,0,0,1,0,0,0,0,1,0,0,1,0,0,1,1
1,0,0,1,0,0,0,1,0,1,0,0,0,1,0,1,0,0,0,0,1,0,0,1,0,0,1,1
1,0,0,1,0,0,0,1,0,1,0,0,1,0,0,0,1,0,0,0,1,0,0,1,0,0,1,1
1,0,0,1,0,0,1,0,0,0,0,1,0,0,1,0,0,1,0,1,0,0,1,0,1,0,0,1
1,0,0,1,0,0,1,0,0,0,0,1,0,0,1,0,0,1,0,1,0,1,0,0,0,1,0,1
1,0,0,1,0,0,1,0,0,0,0,1,0,0,1,0,0,1,1,0,0,0,1,0,0,1,0,1
1,0,0,1,0,0,1,0,0,0,1,0,0,1,0,1,0,0,0,0,1,0,0,1,0,0,1,1
1,0,0,1,0,0,1,0,0,0,1,0,1,0,0,0,1,0,0,0,1,0,0,1,0,0,1,1
1,0,0,1,0,0,1,0,0,1,0,0,0,1,0,0,1,0,0,0,1,0,0,1,0,0,1,1
0,0,1,0,0,1,0,1,0,0,0,1,0,0,1,0,1,0,0,1,0,1,0,0,0,1,0,0
0,0,1,0,0,1,0,1,0,0,0,1,0,0,1,0,1,0,1,0,0,0,1,0,0,1,0,0
0,0,1,0,0,1,0,1,0,0,0,1,0,0,1,1,0,0,0,1,0,0,1,0,0,1,0,0
0,0,1,0,0,1,0,1,0,0,0,1,0,1,0,0,0,1,0,1,0,0,1,0,1,0,0,0
0,0,1,0,0,1,0,1,0,0,0,1,0,1,0,0,0,1,0,1,0,1,0,0,0,1,0,0
0,0,1,0,0,1,0,1,0,0,0,1,0,1,0,0,1,0,0,1,0,0,0,1,1,0,0,0
0,0,1,0,0,1,0,1,0,0,0,1,0,1,0,0,1,0,0,1,0,1,0,0,0,0,1,0
0,0,1,0,0,1,0,1,0,0,0,1,0,1,0,0,1,0,1,0,0,0,0,1,0,1,0,0
0,0,1,0,0,1,0,1,0,0,0,1,0,1,0,1,0,0,0,1,0,0,0,1,0,1,0,0
0,0,1,0,0,1,0,1,0,0,0,1,0,1,0,1,0,0,0,1,0,0,1,0,0,0,1,0
0,0,1,0,0,1,0,1,0,0,0,1,0,1,0,1,0,0,0,1,0,1,0,0,1,0,0,0
0,0,1,0,0,1,0,1,0,0,0,1,1,0,0,0,0,1,0,1,0,0,1,0,0,1,0,0
0,0,1,0,0,1,0,1,0,0,0,1,1,0,0,0,1,0,0,1,0,0,0,1,0,1,0,0
0,0,1,0,0,1,0,1,0,0,0,1,1,0,0,0,1,0,1,0,0,1,0,0,0,1,0,0
0,0,1,0,0,1,0,1,0,0,1,0,0,0,1,0,1,0,0,0,1,1,0,0,0,1,0,0
0,0,1,0,0,1,0,1,0,0,1,0,0,1,0,0,0,1,0,1,0,0,0,1,1,0,0,0
0,0,1,0,0,1,0,1,0,0,1,0,0,1,0,0,0,1,0,1,0,1,0,0,0,0,1,0
0,0,1,0,0,1,0,1,0,0,1,0,0,1,0,0,1,0,0,0,1,0,0,1,1,0,0,0
0,0,1,0,0,1,0,1,0,0,1,0,0,1,0,0,1,0,0,0,1,1,0,0,0,0,1,0
0,0,1,0,0,1,0,1,0,0,1,0,0,1,0,0,1,0,1,0,0,0,0,1,0,0,1,0
0,0,1,0,0,1,0,1,0,0,1,0,0,1,0,1,0,0,0,1,0,0,0,1,0,0,1,0
0,0,1,0,0,1,0,1,0,0,1,0,1,0,0,0,1,0,0,0,1,0,0,1,0,1,0,0
0,0,1,0,0,1,0,1,0,1,0,0,0,0,1,0,0,1,0,1,0,0,1,0,0,1,0,0
0,0,1,0,0,1,0,1,0,1,0,0,0,0,1,0,1,0,0,0,1,0,1,0,0,1,0,0
0,0,1,0,0,1,0,1,0,1,0,0,0,0,1,0,1,0,1,0,0,1,0,0,0,1,0,0
0,0,1,0,0,1,0,1,0,1,0,0,0,1,0,0,0,1,0,1,0,0,0,1,0,1,0,0
0,0,1,0,0,1,0,1,0,1,0,0,0,1,0,0,0,1,0,1,0,0,1,0,0,0,1,0
0,0,1,0,0,1,0,1,0,1,0,0,0,1,0,0,0,1,0,1,0,1,0,0,1,0,0,0
0,0,1,0,0,1,0,1,0,1,0,0,0,1,0,0,1,0,0,0,1,0,0,1,0,1,0,0
0,0,1,0,0,1,0,1,0,1,0,0,0,1,0,0,1,0,0,1,0,0,0,1,0,0,1,0
0,0,1,0,0,1,0,1,0,1,0,0,0,1,0,1,0,0,0,1,0,0,0,1,1,0,0,0
0,0,1,0,0,1,0,1,0,1,0,0,0,1,0,1,0,0,0,1,0,1,0,0,0,0,1,0
0,0,1,0,0,1,0,1,0,1,0,0,1,0,0,0,1,0,0,0,1,1,0,0,0,1,0,0
0,0,1,0,0,1,0,1,0,1,0,0,1,0,0,0,1,0,1,0,0,0,0,1,0,1,0,0
0,0,1,0,0,1,1,0,0,0,0,1,0,0,1,0,1,0,0,1,0,0,1,0,0,1,0,0
0,0,1,0,0,1,1,0,0,0,0,1,0,1,0,0,0,1,0,1,0,0,1,0,0,1,0,0
0,0,1,0,0,1,1,0,0,0,0,1,1,0,0,1,0,0,0,1,0,0,1,0,0,1,0,0
0,0,1,0,0,1,1,0,0,0,1,0,0,0,1,0,0,1,0,1,0,0,1,0,0,1,0,0
0,0,1,0,0,1,1,0,0,0,1,0,0,1,0,0,1,0,0,0,1,0,0,1,0,1,0,0
0,0,1,0,0,1,1,0,0,0,1,0,0,1,0,0,1,0,0,0,1,0,1,0,0,0,1,0
0,0,1,0,0,1,1,0,0,0,1,0,0,1,0,0,1,0,0,0,1,1,0,0,1,0,0,0
0,0,1,0,0,1,1,0,0,0,1,0,0,1,0,0,1,0,0,1,0,0,0,1,0,0,1,0
0,0,1,0,0,1,1,0,0,0,1,0,0,1,0,0,1,0,1,0,0,0,0,1,1,0,0,0
0,0,1,0,0,1,1,0,0,0,1,0,0,1,0,0,1,0,1,0,0,1,0,0,0,0,1,0
0,0,1,0,0,1,1,0,0,1,0,0,0,0,1,1,0,0,0,1,0,0,1,0,0,1,0,0
0,0,1,0,0,1,1,0,0,1,0,0,1,0,0,0,0,1,0,1,0,0,1,0,0,1,0,0
0,0,1,0,1,0,0,0,1,0,0,1,0,0,1,1,0,0,0,1,0,0,1,0,0,1,0,0
0,0,1,0,1,0,0,0,1,0,0,1,0,1,0,0,0,1,0,1,0,0,1,0,1,0,0,0
0,0,1,0,1,0,0,0,1,0,0,1,0,1,0,0,0,1,1,0,0,0,1,0,0,1,0,0
0,0,1,0,1,0,0,0,1,0,0,1,0,1,0,0,1,0,1,0,0,0,1,0,0,0,1,0
0,0,1,0,1,0,0,0,1,0,0,1,0,1,0,1,0,0,0,1,0,0,1,0,0,0,1,0
0,0,1,0,1,0,0,0,1,0,0,1,0,1,0,1,0,0,1,0,0,0,1,0,1,0,0,0
0,0,1,0,1,0,0,0,1,0,0,1,1,0,0,0,0,1,0,1,0,0,1,0,0,1,0,0
0,0,1,0,1,0,0,0,1,0,1,0,0,1,0,0,0,1,0,0,1,0,1,0,1,0,0,0
0,0,1,0,1,0,0,0,1,0,1,0,0,1,0,0,1,0,0,0,1,0,0,1,1,0,0,0
0,0,1,0,1,0,0,0,1,0,1,0,0,1,0,0,1,0,0,0,1,1,0,0,0,0,1,0
0,0,1,0,1,0,0,0,1,0,1,0,0,1,0,0,1,0,1,0,0,0,0,1,0,0,1,0
0,0,1,0,1,0,0,0,1,0,1,0,0,1,0,1,0,0,0,0,1,0,1,0,0,0,1,0
0,0,1,0,1,0,0,0,1,1,0,0,0,0,1,0,0,1,0,1,0,0,1,0,0,1,0,0
0,0,1,0,1,0,0,0,1,1,0,0,0,1,0,0,0,1,0,0,1,0,1,0,0,1,0,0
0,0,1,0,1,0,0,0,1,1,0,0,0,1,0,0,0,1,1,0,0,0,1,0,1,0,0,0
0,0,1,0,1,0,0,0,1,1,0,0,0,1,0,0,1,0,0,0,1,0,1,0,0,0,1,0
0,0,1,0,1,0,0,0,1,1,0,0,0,1,0,1,0,0,0,0,1,0,1,0,1,0,0,0
0,0,1,0,1,0,0,0,1,1,0,0,0,1,0,1,0,0,1,0,0,0,1,0,0,0,1,0
0,0,1,0,1,0,0,1,0,0,0,1,0,0,1,0,1,0,1,0,0,0,0,1,0,1,0,0
0,0,1,0,1,0,0,1,0,0,0,1,0,1,0,0,0,1,0,1,0,0,0,1,1,0,0,0
0,0,1,0,1,0,0,1,0,0,0,1,0,1,0,0,0,1,0,1,0,1,0,0,0,0,1,0
0,0,1,0,1,0,0,1,0,0,0,1,0,1,0,0,0,1,1,0,0,0,1,0,0,0,1,0
0,0,1,0,1,0,0,1,0,0,0,1,0,1,0,1,0,0,0,1,0,0,0,1,0,0,1,0
0,0,1,0,1,0,0,1,0,1,0,0,0,0,1,0,1,0,0,0,1,0,0,1,0,1,0,0
0,0,1,0,1,0,0,1,0,1,0,0,0,1,0,0,0,1,0,0,1,0,1,0,0,0,1,0
0,0,1,0,1,0,0,1,0,1,0,0,0,1,0,0,0,1,0,1,0,0,0,1,0,0,1,0
0,0,1,0,1,0,1,0,0,0,0,1,0,1,0,0,0,1,0,1,0,0,1,0,0,0,1,0
0,0,1,0,1,0,1,0,0,0,0,1,0,1,0,0,0,1,1,0,0,0,1,0,1,0,0,0
0,0,1,0,1,0,1,0,0,0,0,1,0,1,0,1,0,0,1,0,0,0,1,0,0,0,1,0
0,0,1,0,1,0,1,0,0,0,1,0,0,1,0,0,0,1,0,0,1,0,1,0,0,0,1,0
0,0,1,0,1,0,1,0,0,1,0,0,0,1,0,0,0,1,0,0,1,0,1,0,1,0,0,0
0,0,1,0,1,0,1,0,0,1,0,0,0,1,0,0,0,1,1,0,0,0,1,0,0,0,1,0
0,0,1,0,1,0,1,0,0,1,0,0,0,1,0,1,0,0,0,0,1,0,1,0,0,0,1,0
0,0,1,1,0,0,0,0,1,0,0,1,0,0,1,0,1,0,0,1,0,0,1,0,0,1,0,0
0,0,1,1,0,0,0,0,1,0,0,1,0,1,0,0,0,1,0,1,0,0,1,0,0,1,0,0
0,0,1,1,0,0,0,0,1,0,0,1,1,0,0,1,0,0,0,1,0,0,1,0,0,1,0,0
0,0,1,1,0,0,0,0,1,0,1,0,0,0,1,0,0,1,0,1,0,0,1,0,0,1,0,0
0,0,1,1,0,0,0,0,1,0,1,0,0,1,0,0,1,0,0,0,1,0,0,1,0,1,0,0
0,0,1,1,0,0,0,0,1,0,1,0,0,1,0,0,1,0,0,0,1,0,1,0,0,0,1,0
0,0,1,1,0,0,0,0,1,0,1,0,0,1,0,0,1,0,0,0,1,1,0,0,1,0,0,0
0,0,1,1,0,0,0,0,1,0,1,0,0,1,0,0,1,0,0,1,0,0,0,1,0,0,1,0
0,0,1,1,0,0,0,0,1,0,1,0,0,1,0,0,1,0,1,0,0,0,0,1,1,0,0,0
0,0,1,1,0,0,0,0,1,0,1,0,0,1,0,0,1,0,1,0,0,1,0,0,0,0,1,0
0,0,1,1,0,0,0,0,1,1,0,0,0,0,1,1,0,0,0,1,0,0,1,0,0,1,0,0
0,0,1,1,0,0,0,0,1,1,0,0,1,0,0,0,0,1,0,1,0,0,1,0,0,1,0,0
0,0,1,1,0,0,0,1,0,0,0,1,0,0,1,0,1,0,0,1,0,0,0,1,0,1,0,0
0,0,1,1,0,0,0,1,0,0,0,1,0,0,1,0,1,0,1,0,0,1,0,0,0,1,0,0
0,0,1,1,0,0,0,1,0,0,0,1,0,1,0,0,0,1,0,1,0,0,0,1,0,1,0,0
0,0,1,1,0,0,0,1,0,0,0,1,0,1,0,0,0,1,0,1,0,0,1,0,0,0,1,0
0,0,1,1,0,0,0,1,0,0,0,1,0,1,0,0,0,1,0,1,0,1,0,0,1,0,0,0
0,0,1,1,0,0,0,1,0,0,0,1,0,1,0,0,1,0,0,1,0,0,0,1,0,0,1,0
0,0,1,1,0,0,0,1,0,0,0,1,0,1,0,1,0,0,0,1,0,0,0,1,1,0,0,0
0,0,1,1,0,0,0,1,0,0,0,1,0,1,0,1,0,0,0,1,0,1,0,0,0,0,1,0
0,0,1,1,0,0,0,1,0,0,0,1,1,0,0,0,1,0,1,0,0,0,0,1,0,1,0,0
0,0,1,1,0,0,0,1,0,0,1,0,0,0,1,0,1,0,0,0,1,0,0,1,0,1,0,0
0,0,1,1,0,0,0,1,0,0,1,0,0,1,0,0,0,1,0,1,0,0,0,1,0,0,1,0
0,0,1,1,0,0,0,1,0,1,0,0,0,0,1,0,1,0,0,0,1,1,0,0,0,1,0,0
0,0,1,1,0,0,0,1,0,1,0,0,0,0,1,0,1,0,1,0,0,0,0,1,0,1,0,0
0,0,1,1,0,0,0,1,0,1,0,0,0,1,0,0,0,1,0,1,0,0,0,1,1,0,0,0
0,0,1,1,0,0,0,1,0,1,0,0,0,1,0,0,0,1,0,1,0,1,0,0,0,0,1,0
0,0,1,1,0,0,0,1,0,1,0,0,0,1,0,1,0,0,0,1,0,0,0,1,0,0,1,0
0,0,1,1,0,0,0,1,0,1,0,0,1,0,0,0,1,0,0,0,1,0,0,1,0,1,0,0
0,0,1,1,0,0,1,0,0,0,0,1,0,0,1,1,0,0,0,1,0,0,1,0,0,1,0,0
0,0,1,1,0,0,1,0,0,0,0,1,1,0,0,0,0,1,0,1,0,0,1,0,0,1,0,0
0,0,1,1,0,0,1,0,0,0,1,0,0,1,0,0,1,0,0,0,1,0,0,1,1,0,0,0
0,0,1,1,0,0,1,0,0,0,1,0,0,1,0,0,1,0,0,0,1,1,0,0,0,0,1,0
0,0,1,1,0,0,1,0,0,0,1,0,0,1,0,0,1,0,1,0,0,0,0,1,0,0,1,0
0,0,1,1,0,0,1,0,0,1,0,0,0,0,1,0,0,1,0,1,0,0,1,0,0,1,0,0
0,1,0,0,0,1,0,0,1,0,0,1,0,0,1,1,0,0,0,1,0,0,1,0,0,1,0,0
0,1,0,0,0,1,0,0,1,0,0,1,0,1,0,0,0,1,0,1,0,1,0,0,0,1,0,0
0,1,0,0,0,1,0,0,1,0,0,1,0,1,0,0,0,1,1,0,0,0,1,0,0,1,0,0
0,1,0,0,0,1,0,0,1,0,0,1,0,1,0,0,1,0,0,0,1,1,0,0,0,1,0,0
0,1,0,0,0,1,0,0,1,0,0,1,0,1,0,0,1,0,1,0,0,0,0,1,0,1,0,0
0,1,0,0,0,1,0,0,1,0,0,1,0,1,0,1,0,0,0,0,1,0,1,0,0,1,0,0
0,1,0,0,0,1,0,0,1,0,0,1,0,1,0,1,0,0,0,1,0,0,0,1,0,1,0,0
0,1,0,0,0,1,0,0,1,0,0,1,0,1,0,1,0,0,1,0,0,1,0,0,0,1,0,0
0,1,0,0,0,1,0,0,1,0,0,1,1,0,0,0,0,1,0,1,0,0,1,0,0,1,0,0
0,1,0,0,0,1,0,0,1,0,1,0,0,0,1,0,0,1,0,1,0,0,1,0,1,0,0,0
0,1,0,0,0,1,0,0,1,0,1,0,0,0,1,0,0,1,0,1,0,1,0,0,0,1,0,0
0,1,0,0,0,1,0,0,1,0,1,0,0,0,1,0,1,0,0,1,0,1,0,0,0,0,1,0
0,1,0,0,0,1,0,0,1,0,1,0,0,0,1,1,0,0,0,1,0,0,1,0,0,0,1,0
0,1,0,0,0,1,0,0,1,0,1,0,0,0,1,1,0,0,0,1,0,1,0,0,1,0,0,0
0,1,0,0,0,1,0,0,1,0,1,0,0,1,0,0,0,1,0,0,1,1,0,0,0,1,0,0
0,1,0,0,0,1,0,0,1,0,1,0,0,1,0,0,0,1,0,1,0,0,0,1,1,0,0,0
0,1,0,0,0,1,0,0,1,0,1,0,0,1,0,0,0,1,1,0,0,0,0,1,0,1,0,0
0,1,0,0,0,1,0,0,1,0,1,0,0,1,0,0,1,0,0,0,1,0,0,1,1,0,0,0
0,1,0,0,0,1,0,0,1,0,1,0,0,1,0,0,1,0,0,0,1,1,0,0,0,0,1,0
0,1,0,0,0,1,0,0,1,0,1,0,0,1,0,0,1,0,1,0,0,0,0,1,0,0,1,0
0,1,0,0,0,1,0,0,1,0,1,0,0,1,0,1,0,0,0,0,1,0,0,1,0,1,0,0
0,1,0,0,0,1,0,0,1,0,1,0,0,1,0,1,0,0,0,1,0,0,0,1,0,0,1,0
0,1,0,0,0,1,0,0,1,0,1,0,1,0,0,0,0,1,0,1,0,0,0,1,0,1,0,0
0,1,0,0,0,1,0,0,1,0,1,0,1,0,0,0,0,1,0,1,0,1,0,0,1,0,0,0
0,1,0,0,0,1,0,0,1,0,1,0,1,0,0,0,1,0,0,1,0,0,0,1,0,0,1,0
0,1,0,0,0,1,0,0,1,0,1,0,1,0,0,1,0,0,0,1,0,0,0,1,1,0,0,0
0,1,0,0,0,1,0,0,1,0,1,0,1,0,0,1,0,0,0,1,0,1,0,0,0,0,1,0
0,1,0,0,0,1,0,0,1,1,0,0,0,0,1,0,0,1,0,1,0,0,1,0,0,1,0,0
0,1,0,0,0,1,0,0,1,1,0,0,0,1,0,0,0,1,0,0,1,0,1,0,0,1,0,0
0,1,0,0,0,1,0,0,1,1,0,0,0,1,0,0,0,1,0,1,0,0,0,1,0,1,0,0
0,1,0,0,0,1,0,0,1,1,0,0,0,1,0,0,0,1,1,0,0,1,0,0,0,1,0,0
0,1,0,0,0,1,0,0,1,1,0,0,0,1,0,0,1,0,0,0,1,0,0,1,0,1,0,0
0,1,0,0,0,1,0,0,1,1,0,0,0,1,0,1,0,0,0,0,1,1,0,0,0,1,0,0
0,1,0,0,0,1,0,0,1,1,0,0,0,1,0,1,0,0,1,0,0,0,0,1,0,1,0,0
0,1,0,0,0,1,0,1,0,0,0,1,0,0,1,0,1,0,0,0,1,1,0,0,0,1,0,0
0,1,0,0,0,1,0,1,0,0,0,1,0,1,0,0,0,1,0,0,1,1,0,0,0,1,0,0
0,1,0,0,0,1,0,1,0,0,0,1,0,1,0,0,0,1,0,1,0,0,0,1,1,0,0,0
0,1,0,0,0,1,0,1,0,0,0,1,0,1,0,0,0,1,0,1,0,1,0,0,0,0,1,0
0,1,0,0,0,1,0,1,0,0,0,1,0,1,0,0,0,1,1,0,0,0,0,1,0,1,0,0
0,1,0,0,0,1,0,1,0,0,0,1,0,1,0,1,0,0,0,0,1,0,0,1,0,1,0,0
0,1,0,0,0,1,0,1,0,0,0,1,0,1,0,1,0,0,0,1,0,0,0,1,0,0,1,0
0,1,0,0,0,1,0,1,0,0,0,1,1,0,0,0,1,0,0,0,1,0,0,1,0,1,0,0
0,1,0,0,0,1,0,1,0,0,1,0,0,0,1,0,0,1,0,1,0,1,0,0,0,0,1,0
0,1,0,0,0,1,0,1,0,0,1,0,1,0,0,0,0,1,0,1,0,0,0,1,0,0,1,0
0,1,0,0,0,1,0,1,0,1,0,0,0,1,0,0,0,1,0,0,1,0,0,1,0,1,0,0
0,1,0,0,0,1,0,1,0,1,0,0,0,1,0,0,0,1,0,1,0,0,0,1,0,0,1,0
0,1,0,0,0,1,1,0,0,0,0,1,0,1,0,0,0,1,0,0,1,0,1,0,0,1,0,0
0,1,0,0,0,1,1,0,0,0,0,1,0,1,0,0,0,1,0,1,0,0,0,1,0,1,0,0
0,1,0,0,0,1,1,0,0,0,0,1,0,1,0,0,0,1,1,0,0,1,0,0,0,1,0,0
0,1,0,0,0,1,1,0,0,0,0,1,0,1,0,0,1,0,0,0,1,0,0,1,0,1,0,0
0,1,0,0,0,1,1,0,0,0,0,1,0,1,0,1,0,0,0,0,1,1,0,0,0,1,0,0
0,1,0,0,0,1,1,0,0,0,0,1,0,1,0,1,0,0,1,0,0,0,0,1,0,1,0,0
0,1,0,0,0,1,1,0,0,0,1,0,0,0,1,0,0,1,0,1,0,0,1,0,0,0,1,0
0,1,0,0,0,1,1,0,0,0,1,0,0,0,1,0,0,1,0,1,0,1,0,0,1,0,0,0
0,1,0,0,0,1,1,0,0,0,1,0,0,0,1,1,0,0,0,1,0,1,0,0,0,0,1,0
0,1,0,0,0,1,1,0,0,0,1,0,0,1,0,0,0,1,0,0,1,0,0,1,0,1,0,0
0,1,0,0,0,1,1,0,0,0,1,0,0,1,0,0,0,1,0,1,0,0,0,1,0,0,1,0
0,1,0,0,0,1,1,0,0,0,1,0,1,0,0,0,0,1,0,1,0,0,0,1,1,0,0,0
0,1,0,0,0,1,1,0,0,0,1,0,1,0,0,0,0,1,0,1,0,1,0,0,0,0,1,0
0,1,0,0,0,1,1,0,0,0,1,0,1,0,0,1,0,0,0,1,0,0,0,1,0,0,1,0
0,1,0,0,0,1,1,0,0,1,0,0,0,1,0,0,0,1,0,0,1,1,0,0,0,1,0,0
0,1,0,0,0,1,1,0,0,1,0,0,0,1,0,0,0,1,1,0,0,0,0,1,0,1,0,0
0,1,0,0,0,1,1,0,0,1,0,0,0,1,0,1,0,0,0,0,1,0,0,1,0,1,0,0
0,1,0,0,1,0,0,0,1,0,0,1,0,1,0,0,0,1,0,0,1,0,1,0,1,0,0,0
0,1,0,0,1,0,0,0,1,0,0,1,0,1,0,0,0,1,0,0,1,1,0,0,0,1,0,0
0,1,0,0,1,0,0,0,1,0,0,1,0,1,0,0,0,1,1,0,0,0,0,1,0,1,0,0
0,1,0,0,1,0,0,0,1,0,0,1,0,1,0,1,0,0,0,0,1,0,0,1,0,1,0,0
0,1,0,0,1,0,0,0,1,0,0,1,0,1,0,1,0,0,0,0,1,0,1,0,0,0,1,0
0,1,0,0,1,0,0,0,1,0,1,0,0,0,1,0,0,1,0,1,0,0,0,1,1,0,0,0
0,1,0,0,1,0,0,0,1,0,1,0,0,0,1,1,0,0,0,1,0,0,0,1,0,0,1,0
0,1,0,0,1,0,0,0,1,1,0,0,0,1,0,0,0,1,0,0,1,0,0,1,0,1,0,0
0,1,0,0,1,0,0,1,0,0,0,1,0,0,1,0,1,0,0,0,1,0,0,1,1,0,0,0
0,1,0,0,1,0,0,1,0,0,0,1,0,0,1,0,1,0,0,0,1,1,0,0,0,0,1,0
0,1,0,0,1,0,0,1,0,0,0,1,0,0,1,0,1,0,1,0,0,0,0,1,0,0,1,0
0,1,0,0,1,0,0,1,0,0,0,1,0,0,1,1,0,0,0,0,1,0,0,1,0,1,0,0
0,1,0,0,1,0,0,1,0,0,0,1,0,0,1,1,0,0,0,0,1,0,1,0,0,0,1,0
0,1,0,0,1,0,0,1,0,0,0,1,0,0,1,1,0,0,0,0,1,1,0,0,1,0,0,0
0,1,0,0,1,0,0,1,0,0,0,1,0,0,1,1,0,0,0,1,0,0,0,1,0,0,1,0
0,1,0,0,1,0,0,1,0,0,0,1,0,0,1,1,0,0,1,0,0,0,0,1,1,0,0,0
0,1,0,0,1,0,0,1,0,0,0,1,0,0,1,1,0,0,1,0,0,1,0,0,0,0,1,0
0,1,0,0,1,0,0,1,0,0,0,1,0,1,0,0,0,1,0,0,1,0,0,1,1,0,0,0
0,1,0,0,1,0,0,1,0,0,0,1,0,1,0,0,0,1,0,0,1,1,0,0,0,0,1,0
0,1,0,0,1,0,0,1,0,0,0,1,0,1,0,0,0,1,1,0,0,0,0,1,0,0,1,0
0,1,0,0,1,0,0,1,0,0,0,1,1,0,0,0,0,1,0,0,1,0,0,1,0,1,0,0
0,1,0,0,1,0,0,1,0,0,0,1,1,0,0,0,0,1,0,0,1,0,1,0,0,0,1,0
0,1,0,0,1,0,0,1,0,0,0,1,1,0,0,0,0,1,0,0,1,1,0,0,1,0,0,0
0,1,0,0,1,0,0,1,0,0,0,1,1,0,0,0,0,1,0,1,0,0,0,1,0,0,1,0
0,1,0,0,1,0,0,1,0,0,0,1,1,0,0,0,0,1,1,0,0,0,0,1,1,0,0,0
0,1,0,0,1,0,0,1,0,0,0,1,1,0,0,0,0,1,1,0,0,1,0,0,0,0,1,0
0,1,0,0,1,0,0,1,0,0,0,1,1,0,0,1,0,0,0,0,1,0,0,1,1,0,0,0
0,1,0,0,1,0,0,1,0,0,0,1,1,0,0,1,0,0,0,0,1,1,0,0,0,0,1,0
0,1,0,0,1,0,0,1,0,0,0,1,1,0,0,1,0,0,1,0,0,0,0,1,0,0,1,0
0,1,0,0,1,0,0,1,0,0,1,0,0,0,1,0,0,1,0,0,1,0,0,1,1,0,0,0
0,1,0,0,1,0,0,1,0,0,1,0,0,0,1,0,0,1,0,0,1,1,0,0,0,0,1,0
0,1,0,0,1,0,0,1,0,0,1,0,0,0,1,0,0,1,1,0,0,0,0,1,0,0,1,0
0,1,0,0,1,0,0,1,0,1,0,0,0,0,1,0,0,1,0,0,1,0,0,1,0,1,0,0
0,1,0,0,1,0,0,1,0,1,0,0,0,0,1,0,0,1,0,0,1,0,1,0,0,0,1,0
0,1,0,0,1,0,0,1,0,1,0,0,0,0,1,0,0,1,0,0,1,1,0,0,1,0,0,0
0,1,0,0,1,0,0,1,0,1,0,0,0,0,1,0,0,1,0,1,0,0,0,1,0,0,1,0
0,1,0,0,1,0,0,1,0,1,0,0,0,0,1,0,0,1,1,0,0,0,0,1,1,0,0,0
0,1,0,0,1,0,0,1,0,1,0,0,0,0,1,0,0,1,1,0,0,1,0,0,0,0,1,0
0,1,0,0,1,0,0,1,0,1,0,0,0,0,1,1,0,0,0,0,1,0,0,1,1,0,0,0
0,1,0,0,1,0,0,1,0,1,0,0,0,0,1,1,0,0,0,0,1,1,0,0,0,0,1,0
0,1,0,0,1,0,0,1,0,1,0,0,0,0,1,1,0,0,1,0,0,0,0,1,0,0,1,0
0,1,0,0,1,0,0,1,0,1,0,0,1,0,0,0,0,1,0,0,1,0,0,1,1,0,0,0
0,1,0,0,1,0,0,1,0,1,0,0,1,0,0,0,0,1,0,0,1,1,0,0,0,0,1,0
0,1,0,0,1,0,0,1,0,1,0,0,1,0,0,0,0,1,1,0,0,0,0,1,0,0,1,0
0,1,0,0,1,0,1,0,0,0,0,1,0,1,0,0,0,1,0,0,1,0,0,1,0,1,0,0
0,1,0,0,1,0,1,0,0,0,0,1,0,1,0,0,0,1,0,0,1,0,1,0,0,0,1,0
0,1,0,0,1,0,1,0,0,0,1,0,0,0,1,0,0,1,0,1,0,0,0,1,0,0,1,0
0,1,0,1,0,0,0,0,1,0,0,1,0,1,0,0,0,1,0,0,1,0,1,0,0,1,0,0
0,1,0,1,0,0,0,0,1,0,0,1,0,1,0,0,0,1,0,1,0,0,0,1,0,1,0,0
0,1,0,1,0,0,0,0,1,0,0,1,0,1,0,0,0,1,1,0,0,1,0,0,0,1,0,0
0,1,0,1,0,0,0,0,1,0,0,1,0,1,0,0,1,0,0,0,1,0,0,1,0,1,0,0
0,1,0,1,0,0,0,0,1,0,0,1,0,1,0,1,0,0,0,0,1,1,0,0,0,1,0,0
0,1,0,1,0,0,0,0,1,0,0,1,0,1,0,1,0,0,1,0,0,0,0,1,0,1,0,0
0,1,0,1,0,0,0,0,1,0,1,0,0,0,1,0,0,1,0,1,0,0,0,1,0,1,0,0
0,1,0,1,0,0,0,0,1,0,1,0,0,0,1,0,0,1,0,1,0,1,0,0,1,0,0,0
0,1,0,1,0,0,0,0,1,0,1,0,0,0,1,0,1,0,0,1,0,0,0,1,0,0,1,0
0,1,0,1,0,0,0,0,1,0,1,0,0,0,1,1,0,0,0,1,0,0,0,1,1,0,0,0
0,1,0,1,0,0,0,0,1,0,1,0,0,0,1,1,0,0,0,1,0,1,0,0,0,0,1,0
0,1,0,1,0,0,0,0,1,0,1,0,0,1,0,0,0,1,0,0,1,0,0,1,0,1,0,0
0,1,0,1,0,0,0,0,1,0,1,0,1,0,0,0,0,1,0,1,0,0,0,1,1,0,0,0
0,1,0,1,0,0,0,0,1,0,1,0,1,0,0,1,0,0,0,1,0,0,0,1,0,0,1,0
0,1,0,1,0,0,0,0,1,1,0,0,0,1,0,0,0,1,0,0,1,1,0,0,0,1,0,0
0,1,0,1,0,0,0,0,1,1,0,0,0,1,0,0,0,1,1,0,0,0,0,1,0,1,0,0
0,1,0,1,0,0,0,0,1,1,0,0,0,1,0,1,0,0,0,0,1,0,0,1,0,1,0,0
0,1,0,1,0,0,0,1,0,0,0,1,0,0,1,0,1,0,0,0,1,0,0,1,0,1,0,0
0,1,0,1,0,0,0,1,0,0,0,1,0,1,0,0,0,1,0,0,1,0,0,1,0,1,0,0
0,1,0,1,0,0,0,1,0,0,0,1,0,1,0,0,0,1,0,1,0,0,0,1,0,0,1,0
0,1,0,1,0,0,0,1,0,0,1,0,0,0,1,0,0,1,0,1,0,0,0,1,0,0,1,0
0,1,0,1,0,0,1,0,0,0,0,1,0,1,0,0,0,1,0,0,1,1,0,0,0,1,0,0
0,1,0,1,0,0,1,0,0,0,0,1,0,1,0,0,0,1,1,0,0,0,0,1,0,1,0,0
0,1,0,1,0,0,1,0,0,0,0,1,0,1,0,1,0,0,0,0,1,0,0,1,0,1,0,0
0,1,0,1,0,0,1,0,0,0,1,0,0,0,1,0,0,1,0,1,0,0,0,1,1,0,0,0
0,1,0,1,0,0,1,0,0,0,1,0,0,0,1,0,0,1,0,1,0,1,0,0,0,0,1,0
0,1,0,1,0,0,1,0,0,0,1,0,0,0,1,1,0,0,0,1,0,0,0,1,0,0,1,0
0,1,0,1,0,0,1,0,0,0,1,0,1,0,0,0,0,1,0,1,0,0,0,1,0,0,1,0
0,1,0,1,0,0,1,0,0,1,0,0,0,1,0,0,0,1,0,0,1,0,0,1,0,1,0,0
1,0,0,0,0,1,0,0,1,0,0,1,0,0,1,0,1,0,0,1,0,0,1,0,0,1,0,0
1,0,0,0,0,1,0,0,1,0,0,1,0,1,0,0,0,1,0,1,0,0,1,0,0,1,0,0
1,0,0,0,0,1,0,0,1,0,0,1,1,0,0,1,0,0,0,1,0,0,1,0,0,1,0,0
1,0,0,0,0,1,0,0,1,0,1,0,0,0,1,0,0,1,0,1,0,0,1,0,0,1,0,0
1,0,0,0,0,1,0,0,1,0,1,0,0,1,0,0,1,0,0,0,1,0,0,1,0,1,0,0
1,0,0,0,0,1,0,0,1,0,1,0,0,1,0,0,1,0,0,0,1,0,1,0,0,0,1,0
1,0,0,0,0,1,0,0,1,0,1,0,0,1,0,0,1,0,0,0,1,1,0,0,1,0,0,0
1,0,0,0,0,1,0,0,1,0,1,0,0,1,0,0,1,0,0,1,0,0,0,1,0,0,1,0
1,0,0,0,0,1,0,0,1,0,1,0,0,1,0,0,1,0,1,0,0,0,0,1,1,0,0,0
1,0,0,0,0,1,0,0,1,0,1,0,0,1,0,0,1,0,1,0,0,1,0,0,0,0,1,0
1,0,0,0,0,1,0,0,1,1,0,0,0,0,1,1,0,0,0,1,0,0,1,0,0,1,0,0
1,0,0,0,0,1,0,0,1,1,0,0,1,0,0,0,0,1,0,1,0,0,1,0,0,1,0,0
1,0,0,0,0,1,0,1,0,0,0,1,0,0,1,0,1,0,0,0,1,0,1,0,0,1,0,0
1,0,0,0,0,1,0,1,0,0,0,1,0,0,1,0,1,0,1,0,0,1,0,0,0,1,0,0
1,0,0,0,0,1,0,1,0,0,0,1,0,1,0,0,0,1,0,1,0,0,0,1,0,1,0,0
1,0,0,0,0,1,0,1,0,0,0,1,0,1,0,0,0,1,0,1,0,0,1,0,0,0,1,0
1,0,0,0,0,1,0,1,0,0,0,1,0,1,0,0,0,1,0,1,0,1,0,0,1,0,0,0
1,0,0,0,0,1,0,1,0,0,0,1,0,1,0,0,1,0,0,0,1,0,0,1,0,1,0,0
1,0,0,0,0,1,0,1,0,0,0,1,0,1,0,0,1,0,0,1,0,0,0,1,0,0,1,0
1,0,0,0,0,1,0,1,0,0,0,1,0,1,0,1,0,0,0,1,0,0,0,1,1,0,0,0
1,0,0,0,0,1,0,1,0,0,0,1,0,1,0,1,0,0,0,1,0,1,0,0,0,0,1,0
1,0,0,0,0,1,0,1,0,0,0,1,1,0,0,0,1,0,0,0,1,1,0,0,0,1,0,0
1,0,0,0,0,1,0,1,0,0,0,1,1,0,0,0,1,0,1,0,0,0,0,1,0,1,0,0
1,0,0,0,0,1,0,1,0,0,1,0,0,1,0,0,0,1,0,1,0,0,0,1,0,0,1,0
1,0,0,0,0,1,0,1,0,1,0,0,0,0,1,0,1,0,0,0,1,1,0,0,0,1,0,0
1,0,0,0,0,1,0,1,0,1,0,0,0,1,0,0,0,1,0,1,0,0,0,1,1,0,0,0
1,0,0,0,0,1,0,1,0,1,0,0,0,1,0,0,0,1,0,1,0,1,0,0,0,0,1,0
1,0,0,0,0,1,0,1,0,1,0,0,0,1,0,1,0,0,0,1,0,0,0,1,0,0,1,0
1,0,0,0,0,1,0,1,0,1,0,0,1,0,0,0,1,0,0,0,1,0,0,1,0,1,0,0
1,0,0,0,0,1,1,0,0,0,0,1,0,0,1,1,0,0,0,1,0,0,1,0,0,1,0,0
1,0,0,0,0,1,1,0,0,0,0,1,1,0,0,0,0,1,0,1,0,0,1,0,0,1,0,0
1,0,0,0,0,1,1,0,0,0,1,0,0,1,0,0,1,0,0,0,1,0,0,1,1,0,0,0
1,0,0,0,0,1,1,0,0,0,1,0,0,1,0,0,1,0,0,0,1,1,0,0,0,0,1,0
1,0,0,0,0,1,1,0,0,0,1,0,0,1,0,0,1,0,1,0,0,0,0,1,0,0,1,0
1,0,0,0,0,1,1,0,0,1,0,0,0,0,1,0,0,1,0,1,0,0,1,0,0,1,0,0
1,0,0,0,1,0,0,0,1,0,0,1,0,1,0,0,0,1,0,0,1,0,1,0,0,1,0,0
1,0,0,0,1,0,0,0,1,0,0,1,0,1,0,0,0,1,1,0,0,0,1,0,1,0,0,0
1,0,0,0,1,0,0,0,1,0,0,1,0,1,0,0,1,0,0,0,1,0,1,0,0,0,1,0
1,0,0,0,1,0,0,0,1,0,0,1,0,1,0,1,0,0,0,0,1,0,1,0,1,0,0,0
1,0,0,0,1,0,0,0,1,0,0,1,0,1,0,1,0,0,1,0,0,0,1,0,0,0,1,0
1,0,0,0,1,0,0,0,1,1,0,0,0,1,0,0,0,1,0,0,1,0,1,0,1,0,0,0
1,0,0,0,1,0,0,0,1,1,0,0,0,1,0,1,0,0,0,0,1,0,1,0,0,0,1,0
1,0,0,0,1,0,0,1,0,0,0,1,0,0,1,0,1,0,0,0,1,0,0,1,0,1,0,0
1,0,0,0,1,0,0,1,0,0,0,1,0,1,0,0,0,1,0,0,1,0,1,0,0,0,1,0
1,0,0,0,1,0,0,1,0,0,0,1,0,1,0,0,0,1,0,1,0,0,0,1,0,0,1,0
1,0,0,0,1,0,1,0,0,0,0,1,0,1,0,0,0,1,0,0,1,0,1,0,1,0,0,0
1,0,0,0,1,0,1,0,0,0,0,1,0,1,0,0,0,1,1,0,0,0,1,0,0,0,1,0
1,0,0,0,1,0,1,0,0,0,0,1,0,1,0,1,0,0,0,0,1,0,1,0,0,0,1,0
1,0,0,0,1,0,1,0,0,1,0,0,0,1,0,0,0,1,0,0,1,0,1,0,0,0,1,0
1,0,0,1,0,0,0,0,1,0,0,1,0,0,1,1,0,0,0,1,0,0,1,0,0,1,0,0
1,0,0,1,0,0,0,0,1,0,0,1,1,0,0,0,0,1,0,1,0,0,1,0,0,1,0,0
1,0,0,1,0,0,0,0,1,0,1,0,0,1,0,0,1,0,0,0,1,0,0,1,1,0,0,0
1,0,0,1,0,0,0,0,1,0,1,0,0,1,0,0,1,0,0,0,1,1,0,0,0,0,1,0
1,0,0,1,0,0,0,0,1,0,1,0,0,1,0,0,1,0,1,0,0,0,0,1,0,0,1,0
1,0,0,1,0,0,0,0,1,1,0,0,0,0,1,0,0,1,0,1,0,0,1,0,0,1,0,0
1,0,0,1,0,0,0,1,0,0,0,1,0,0,1,0,1,0,0,0,1,1,0,0,0,1,0,0
1,0,0,1,0,0,0,1,0,0,0,1,0,0,1,0,1,0,1,0,0,0,0,1,0,1,0,0
1,0,0,1,0,0,0,1,0,0,0,1,0,1,0,0,0,1,0,1,0,0,0,1,1,0,0,0
1,0,0,1,0,0,0,1,0,0,0,1,0,1,0,0,0,1,0,1,0,1,0,0,0,0,1,0
1,0,0,1,0,0,0,1,0,0,0,1,0,1,0,1,0,0,0,1,0,0,0,1,0,0,1,0
1,0,0,1,0,0,0,1,0,0,0,1,1,0,0,0,1,0,0,0,1,0,0,1,0,1,0,0
1,0,0,1,0,0,0,1,0,1,0,0,0,0,1,0,1,0,0,0,1,0,0,1,0,1,0,0
1,0,0,1,0,0,0,1,0,1,0,0,0,1,0,0,0,1,0,1,0,0,0,1,0,0,1,0
0,0,1,0,0,1,0,1,0,0,1,0,0,0,1,0,0,1,0,0,1,0,1,0,0,1,0,0
0,0,1,0,0,1,0,1,0,0,1,0,0,1,0,0,0,1,0,0,1,0,0,1,0,1,0,0
0,0,1,0,0,1,0,1,0,0,1,0,0,1,0,0,0,1,0,0,1,0,1,0,0,0,1,0
0,0,1,0,1,0,0,0,1,0,0,1,0,0,1,0,1,0,0,1,0,0,0,1,0,1,0,0
0,0,1,0,1,0,0,0,1,0,0,1,0,1,0,0,0,1,0,1,0,0,0,1,0,1,0,0
0,0,1,0,1,0,0,0,1,0,0,1,0,1,0,0,1,0,0,1,0,0,0,1,0,0,1,0
0,0,1,0,1,0,0,0,1,0,1,0,0,0,1,0,0,1,0,1,0,0,0,1,0,1,0,0
0,0,1,0,1,0,0,0,1,0,1,0,0,1,0,0,0,1,0,0,1,0,0,1,0,1,0,0
0,0,1,0,1,0,0,1,0,0,1,0,0,0,1,0,0,1,0,0,1,0,0,1,0,1,0,0
0,1,0,0,0,1,0,0,1,0,0,1,0,0,1,0,1,0,0,1,0,0,1,0,0,0,1,0
0,1,0,0,0,1,0,0,1,0,0,1,0,1,0,0,1,0,0,0,1,0,1,0,0,0,1,0
0,1,0,0,0,1,0,0,1,0,0,1,0,1,0,0,1,0,0,1,0,0,0,1,0,0,1,0
0,1,0,0,0,1,0,1,0,0,0,1,0,0,1,0,1,0,0,0,1,0,1,0,0,0,1,0
0,1,0,0,0,1,0,1,0,0,0,1,0,1,0,0,0,1,0,0,1,0,1,0,0,0,1,0
0,1,0,0,0,1,0,1,0,0,1,0,0,0,1,0,0,1,0,0,1,0,1,0,0,0,1,0
0,1,0,0,1,0,0,0,1,0,0,1,0,0,1,0,1,0,0,1,0,0,0,1,0,0,1,0
